Solution of SHM
Step Size = .0100 Euler Method
Time	y	v	Δy	Δv
0.000000	1.000000	0.000000	0.000000	-0.000000
0.010000	1.000000	-0.040000	-0.000200	0.000003
0.020000	0.999600	-0.080000	-0.000400	0.000021
0.030000	0.998800	-0.119984	-0.000599	0.000056
0.040000	0.997600	-0.159936	-0.000798	0.000107
0.050000	0.996001	-0.199840	-0.000997	0.000173
0.060000	0.994002	-0.239680	-0.001194	0.000256
0.070000	0.991606	-0.279440	-0.001390	0.000354
0.080000	0.988811	-0.319104	-0.001584	0.000468
0.090000	0.985620	-0.358657	-0.001776	0.000598
0.100000	0.982033	-0.398082	-0.001967	0.000743
0.110000	0.978053	-0.437363	-0.002155	0.000904
0.120000	0.973679	-0.476485	-0.002341	0.001080
0.130000	0.968914	-0.515432	-0.002524	0.001271
0.140000	0.963760	-0.554189	-0.002704	0.001477
0.150000	0.958218	-0.592739	-0.002882	0.001699
0.160000	0.952291	-0.631068	-0.003055	0.001935
0.170000	0.945980	-0.669159	-0.003225	0.002185
0.180000	0.939288	-0.706999	-0.003392	0.002450
0.190000	0.932218	-0.744570	-0.003554	0.002729
0.200000	0.924773	-0.781859	-0.003712	0.003022
0.210000	0.916954	-0.818850	-0.003865	0.003329
0.220000	0.908766	-0.855528	-0.004014	0.003649
0.230000	0.900210	-0.891878	-0.004158	0.003982
0.240000	0.891292	-0.927887	-0.004297	0.004329
0.250000	0.882013	-0.963539	-0.004430	0.004688
0.260000	0.872377	-0.998819	-0.004558	0.005059
0.270000	0.862389	-1.033714	-0.004680	0.005442
0.280000	0.852052	-1.068210	-0.004797	0.005837
0.290000	0.841370	-1.102292	-0.004907	0.006244
0.300000	0.830347	-1.135947	-0.005011	0.006662
0.310000	0.818987	-1.169160	-0.005109	0.007090
0.320000	0.807296	-1.201920	-0.005200	0.007529
0.330000	0.795277	-1.234212	-0.005284	0.007978
0.340000	0.782935	-1.266023	-0.005362	0.008437
0.350000	0.770274	-1.297340	-0.005432	0.008905
0.360000	0.757301	-1.328151	-0.005495	0.009382
0.370000	0.744019	-1.358443	-0.005551	0.009868
0.380000	0.730435	-1.388204	-0.005599	0.010361
0.390000	0.716553	-1.417421	-0.005639	0.010863
0.400000	0.702379	-1.446084	-0.005672	0.011371
0.410000	0.687918	-1.474179	-0.005697	0.011887
0.420000	0.673176	-1.501695	-0.005713	0.012409
0.430000	0.658159	-1.528622	-0.005722	0.012937
0.440000	0.642873	-1.554949	-0.005722	0.013471
0.450000	0.627323	-1.580664	-0.005713	0.014010
0.460000	0.611517	-1.605757	-0.005697	0.014553
0.470000	0.595459	-1.630217	-0.005671	0.015101
0.480000	0.579157	-1.654036	-0.005637	0.015653
0.490000	0.562617	-1.677202	-0.005594	0.016207
0.500000	0.545845	-1.699707	-0.005542	0.016765
0.510000	0.528848	-1.721540	-0.005482	0.017324
0.520000	0.511632	-1.742694	-0.005412	0.017886
0.530000	0.494205	-1.763160	-0.005333	0.018449
0.540000	0.476574	-1.782928	-0.005245	0.019012
0.550000	0.458744	-1.801991	-0.005148	0.019576
0.560000	0.440724	-1.820341	-0.005042	0.020140
0.570000	0.422521	-1.837970	-0.004927	0.020703
0.580000	0.404141	-1.854871	-0.004802	0.021264
0.590000	0.385593	-1.871036	-0.004668	0.021824
0.600000	0.366882	-1.886460	-0.004525	0.022382
0.610000	0.348018	-1.901135	-0.004372	0.022936
0.620000	0.329006	-1.915056	-0.004210	0.023488
0.630000	0.309856	-1.928216	-0.004039	0.024035
0.640000	0.290574	-1.940610	-0.003858	0.024578
0.650000	0.271168	-1.952233	-0.003669	0.025117
0.660000	0.251645	-1.963080	-0.003470	0.025650
0.670000	0.232014	-1.973146	-0.003262	0.026177
0.680000	0.212283	-1.982426	-0.003044	0.026697
0.690000	0.192459	-1.990917	-0.002818	0.027210
0.700000	0.172550	-1.998616	-0.002582	0.027716
0.710000	0.152563	-2.005518	-0.002338	0.028214
0.720000	0.132508	-2.011620	-0.002084	0.028704
0.730000	0.112392	-2.016921	-0.001822	0.029184
0.740000	0.092223	-2.021416	-0.001551	0.029654
0.750000	0.072009	-2.025105	-0.001271	0.030115
0.760000	0.051758	-2.027985	-0.000983	0.030565
0.770000	0.031478	-2.030056	-0.000686	0.031004
0.780000	0.011177	-2.031315	-0.000381	0.031431
0.790000	-0.009136	-2.031762	-0.000067	0.031846
0.800000	-0.029454	-2.031396	0.000254	0.032249
0.810000	-0.049768	-2.030218	0.000584	0.032639
0.820000	-0.070070	-2.028227	0.000921	0.033015
0.830000	-0.090352	-2.025424	0.001267	0.033376
0.840000	-0.110606	-2.021810	0.001620	0.033724
0.850000	-0.130824	-2.017386	0.001980	0.034056
0.860000	-0.150998	-2.012153	0.002348	0.034373
0.870000	-0.171120	-2.006113	0.002722	0.034675
0.880000	-0.191181	-1.999268	0.003104	0.034960
0.890000	-0.211174	-1.991621	0.003493	0.035228
0.900000	-0.231090	-1.983174	0.003888	0.035479
0.910000	-0.250922	-1.973930	0.004289	0.035712
0.920000	-0.270661	-1.963894	0.004697	0.035928
0.930000	-0.290300	-1.953067	0.005111	0.036125
0.940000	-0.309830	-1.941455	0.005530	0.036303
0.950000	-0.329245	-1.929062	0.005955	0.036462
0.960000	-0.348536	-1.915892	0.006386	0.036601
0.970000	-0.367695	-1.901951	0.006822	0.036721
0.980000	-0.386714	-1.887243	0.007262	0.036820
0.990000	-0.405586	-1.871774	0.007708	0.036898
1.000000	-0.424304	-1.855551	0.008157	0.036956
1.010000	-0.442860	-1.838579	0.008611	0.036992
1.020000	-0.461246	-1.820864	0.009069	0.037007
1.030000	-0.479454	-1.802415	0.009531	0.037000
1.040000	-0.497478	-1.783236	0.009996	0.036970
1.050000	-0.515311	-1.763337	0.010465	0.036919
1.060000	-0.532944	-1.742725	0.010936	0.036844
1.070000	-0.550371	-1.721407	0.011410	0.036746
1.080000	-0.567585	-1.699392	0.011886	0.036625
1.090000	-0.584579	-1.676689	0.012365	0.036481
1.100000	-0.601346	-1.653306	0.012845	0.036313
1.110000	-0.617879	-1.629252	0.013327	0.036121
1.120000	-0.634172	-1.604537	0.013810	0.035905
1.130000	-0.650217	-1.579170	0.014294	0.035665
1.140000	-0.666009	-1.553161	0.014779	0.035400
1.150000	-0.681541	-1.526521	0.015265	0.035110
1.160000	-0.696806	-1.499259	0.015750	0.034796
1.170000	-0.711798	-1.471387	0.016235	0.034457
1.180000	-0.726512	-1.442915	0.016720	0.034093
1.190000	-0.740941	-1.413854	0.017204	0.033704
1.200000	-0.755080	-1.384217	0.017686	0.033290
1.210000	-0.768922	-1.354014	0.018168	0.032851
1.220000	-0.782462	-1.323257	0.018647	0.032387
1.230000	-0.795695	-1.291958	0.019125	0.031897
1.240000	-0.808614	-1.260130	0.019600	0.031382
1.250000	-0.821216	-1.227786	0.020072	0.030842
1.260000	-0.833494	-1.194937	0.020542	0.030276
1.270000	-0.845443	-1.161597	0.021008	0.029685
1.280000	-0.857059	-1.127780	0.021470	0.029069
1.290000	-0.868337	-1.093497	0.021929	0.028427
1.300000	-0.879272	-1.058764	0.022383	0.027761
1.310000	-0.889859	-1.023593	0.022833	0.027070
1.320000	-0.900095	-0.987999	0.023277	0.026353
1.330000	-0.909975	-0.951995	0.023717	0.025612
1.340000	-0.919495	-0.915596	0.024151	0.024846
1.350000	-0.928651	-0.878816	0.024579	0.024056
1.360000	-0.937439	-0.841670	0.025001	0.023242
1.370000	-0.945856	-0.804172	0.025416	0.022403
1.380000	-0.953898	-0.766338	0.025825	0.021540
1.390000	-0.961561	-0.728182	0.026227	0.020654
1.400000	-0.968843	-0.689720	0.026621	0.019743
1.410000	-0.975740	-0.650966	0.027007	0.018810
1.420000	-0.982250	-0.611937	0.027385	0.017854
1.430000	-0.988369	-0.572647	0.027755	0.016875
1.440000	-0.994096	-0.533112	0.028116	0.015873
1.450000	-0.999427	-0.493348	0.028469	0.014849
1.460000	-1.004360	-0.453371	0.028812	0.013803
1.470000	-1.008894	-0.413197	0.029145	0.012736
1.480000	-1.013026	-0.372841	0.029469	0.011648
1.490000	-1.016754	-0.332320	0.029782	0.010539
1.500000	-1.020077	-0.291650	0.030085	0.009410
1.510000	-1.022994	-0.250846	0.030377	0.008260
1.520000	-1.025502	-0.209927	0.030659	0.007091
1.530000	-1.027602	-0.168907	0.030929	0.005902
1.540000	-1.029291	-0.127803	0.031187	0.004695
1.550000	-1.030569	-0.086631	0.031434	0.003469
1.560000	-1.031435	-0.045408	0.031668	0.002226
1.570000	-1.031889	-0.004151	0.031890	0.000965
1.580000	-1.031931	0.037125	0.032100	-0.000312
1.590000	-1.031559	0.078402	0.032297	-0.001607
1.600000	-1.030775	0.119664	0.032481	-0.002916
1.610000	-1.029579	0.160895	0.032651	-0.004241
1.620000	-1.027970	0.202079	0.032808	-0.005581
1.630000	-1.025949	0.243197	0.032951	-0.006936
1.640000	-1.023517	0.284235	0.033080	-0.008304
1.650000	-1.020675	0.325176	0.033195	-0.009685
1.660000	-1.017423	0.366003	0.033295	-0.011078
1.670000	-1.013763	0.406700	0.033381	-0.012484
1.680000	-1.009696	0.447250	0.033452	-0.013900
1.690000	-1.005223	0.487638	0.033508	-0.015328
1.700000	-1.000347	0.527847	0.033549	-0.016765
1.710000	-0.995069	0.567861	0.033574	-0.018212
1.720000	-0.989390	0.607664	0.033584	-0.019668
1.730000	-0.983313	0.647239	0.033578	-0.021131
1.740000	-0.976841	0.686572	0.033556	-0.022601
1.750000	-0.969975	0.725646	0.033518	-0.024079
1.760000	-0.962719	0.764445	0.033465	-0.025563
1.770000	-0.955074	0.802953	0.033394	-0.027052
1.780000	-0.947045	0.841156	0.033308	-0.028545
1.790000	-0.938633	0.879038	0.033204	-0.030042
1.800000	-0.929843	0.916583	0.033084	-0.031543
1.810000	-0.920677	0.953777	0.032948	-0.033045
1.820000	-0.911139	0.990604	0.032794	-0.034550
1.830000	-0.901233	1.027050	0.032624	-0.036055
1.840000	-0.890963	1.063099	0.032436	-0.037561
1.850000	-0.880332	1.098738	0.032232	-0.039066
1.860000	-0.869344	1.133951	0.032010	-0.040569
1.870000	-0.858005	1.168725	0.031771	-0.042070
1.880000	-0.846318	1.203045	0.031515	-0.043568
1.890000	-0.834287	1.236898	0.031241	-0.045063
1.900000	-0.821918	1.270269	0.030950	-0.046553
1.910000	-0.809215	1.303146	0.030642	-0.048038
1.920000	-0.796184	1.335514	0.030317	-0.049517
1.930000	-0.782829	1.367362	0.029974	-0.050989
1.940000	-0.769155	1.398675	0.029614	-0.052453
1.950000	-0.755168	1.429441	0.029236	-0.053909
1.960000	-0.740874	1.459648	0.028841	-0.055356
1.970000	-0.726278	1.489283	0.028429	-0.056792
1.980000	-0.711385	1.518334	0.028000	-0.058217
1.990000	-0.696202	1.546789	0.027554	-0.059631
2.000000	-0.680734	1.574637	0.027090	-0.061032
2.010000	-0.664987	1.601867	0.026609	-0.062420
2.020000	-0.648969	1.628466	0.026112	-0.063794
2.030000	-0.632684	1.654425	0.025597	-0.065153
2.040000	-0.616140	1.679732	0.025066	-0.066497
2.050000	-0.599342	1.704378	0.024518	-0.067824
2.060000	-0.582299	1.728352	0.023954	-0.069133
2.070000	-0.565015	1.751644	0.023373	-0.070425
2.080000	-0.547499	1.774244	0.022776	-0.071698
2.090000	-0.529756	1.796144	0.022163	-0.072951
2.100000	-0.511795	1.817334	0.021534	-0.074183
2.110000	-0.493621	1.837806	0.020889	-0.075394
2.120000	-0.475243	1.857551	0.020228	-0.076584
2.130000	-0.456668	1.876561	0.019552	-0.077750
2.140000	-0.437902	1.894827	0.018861	-0.078893
2.150000	-0.418954	1.912344	0.018155	-0.080012
2.160000	-0.399831	1.929102	0.017433	-0.081106
2.170000	-0.380540	1.945095	0.016698	-0.082174
2.180000	-0.361089	1.960317	0.015948	-0.083215
2.190000	-0.341485	1.974760	0.015183	-0.084229
2.200000	-0.321738	1.988420	0.014405	-0.085215
2.210000	-0.301854	2.001289	0.013613	-0.086173
2.220000	-0.281841	2.013363	0.012808	-0.087101
2.230000	-0.261707	2.024637	0.011989	-0.088000
2.240000	-0.241461	2.035105	0.011158	-0.088867
2.250000	-0.221110	2.044764	0.010314	-0.089703
2.260000	-0.200662	2.053608	0.009458	-0.090507
2.270000	-0.180126	2.061635	0.008590	-0.091279
2.280000	-0.159510	2.068840	0.007710	-0.092017
2.290000	-0.138821	2.075220	0.006819	-0.092721
2.300000	-0.118069	2.080773	0.005916	-0.093391
2.310000	-0.097261	2.085495	0.005004	-0.094025
2.320000	-0.076406	2.089386	0.004080	-0.094624
2.330000	-0.055512	2.092442	0.003147	-0.095186
2.340000	-0.034588	2.094663	0.002205	-0.095712
2.350000	-0.013641	2.096046	0.001253	-0.096200
2.360000	0.007319	2.096592	0.000292	-0.096650
2.370000	0.028285	2.096299	-0.000678	-0.097061
2.380000	0.049248	2.095168	-0.001655	-0.097434
2.390000	0.070200	2.093198	-0.002640	-0.097768
2.400000	0.091132	2.090390	-0.003633	-0.098061
2.410000	0.112036	2.086745	-0.004632	-0.098314
2.420000	0.132903	2.082263	-0.005638	-0.098526
2.430000	0.153726	2.076947	-0.006650	-0.098697
2.440000	0.174495	2.070798	-0.007668	-0.098826
2.450000	0.195203	2.063819	-0.008691	-0.098914
2.460000	0.215841	2.056010	-0.009718	-0.098958
2.470000	0.236401	2.047377	-0.010750	-0.098960
2.480000	0.256875	2.037921	-0.011787	-0.098919
2.490000	0.277254	2.027646	-0.012826	-0.098835
2.500000	0.297531	2.016556	-0.013869	-0.098707
2.510000	0.317696	2.004654	-0.014914	-0.098535
2.520000	0.337743	1.991947	-0.015961	-0.098319
2.530000	0.357662	1.978437	-0.017010	-0.098058
2.540000	0.377447	1.964130	-0.018060	-0.097753
2.550000	0.397088	1.949032	-0.019110	-0.097403
2.560000	0.416578	1.933149	-0.020161	-0.097008
2.570000	0.435910	1.916486	-0.021212	-0.096568
2.580000	0.455075	1.899049	-0.022262	-0.096082
2.590000	0.474065	1.880846	-0.023310	-0.095551
2.600000	0.492874	1.861884	-0.024357	-0.094974
2.610000	0.511492	1.842169	-0.025402	-0.094352
2.620000	0.529914	1.821709	-0.026444	-0.093684
2.630000	0.548131	1.800513	-0.027482	-0.092971
2.640000	0.566136	1.778587	-0.028517	-0.092212
2.650000	0.583922	1.755942	-0.029548	-0.091407
2.660000	0.601482	1.732585	-0.030574	-0.090556
2.670000	0.618807	1.708526	-0.031595	-0.089660
2.680000	0.635893	1.683773	-0.032610	-0.088718
2.690000	0.652730	1.658338	-0.033619	-0.087732
2.700000	0.669314	1.632228	-0.034621	-0.086700
2.710000	0.685636	1.605456	-0.035616	-0.085622
2.720000	0.701691	1.578031	-0.036603	-0.084500
2.730000	0.717471	1.549963	-0.037582	-0.083333
2.740000	0.732971	1.521264	-0.038552	-0.082121
2.750000	0.748183	1.491945	-0.039513	-0.080865
2.760000	0.763103	1.462018	-0.040465	-0.079564
2.770000	0.777723	1.431494	-0.041406	-0.078220
2.780000	0.792038	1.400385	-0.042336	-0.076833
2.790000	0.806042	1.368703	-0.043255	-0.075402
2.800000	0.819729	1.336462	-0.044163	-0.073928
2.810000	0.833093	1.303673	-0.045058	-0.072412
2.820000	0.846130	1.270349	-0.045941	-0.070854
2.830000	0.858834	1.236504	-0.046810	-0.069254
2.840000	0.871199	1.202150	-0.047666	-0.067613
2.850000	0.883220	1.167302	-0.048507	-0.065931
2.860000	0.894893	1.131974	-0.049334	-0.064209
2.870000	0.906213	1.096178	-0.050146	-0.062447
2.880000	0.917175	1.059929	-0.050943	-0.060645
2.890000	0.927774	1.023242	-0.051723	-0.058805
2.900000	0.938006	0.986131	-0.052487	-0.056926
2.910000	0.947868	0.948611	-0.053234	-0.055010
2.920000	0.957354	0.910696	-0.053964	-0.053057
2.930000	0.966461	0.872402	-0.054675	-0.051068
2.940000	0.975185	0.833744	-0.055369	-0.049043
2.950000	0.983522	0.794736	-0.056044	-0.046983
2.960000	0.991470	0.755395	-0.056700	-0.044889
2.970000	0.999024	0.715737	-0.057336	-0.042760
2.980000	1.006181	0.675776	-0.057952	-0.040599
2.990000	1.012939	0.635529	-0.058548	-0.038405
3.000000	1.019294	0.595011	-0.059124	-0.036180
3.010000	1.025244	0.554239	-0.059678	-0.033924
3.020000	1.030786	0.513229	-0.060211	-0.031638
3.030000	1.035919	0.471998	-0.060721	-0.029324
3.040000	1.040639	0.430561	-0.061210	-0.026981
3.050000	1.044944	0.388936	-0.061676	-0.024610
3.060000	1.048834	0.347138	-0.062119	-0.022214
3.070000	1.052305	0.305185	-0.062539	-0.019791
3.080000	1.055357	0.263092	-0.062935	-0.017344
3.090000	1.057988	0.220878	-0.063307	-0.014873
3.100000	1.060197	0.178559	-0.063655	-0.012379
3.110000	1.061982	0.136151	-0.063978	-0.009864
3.120000	1.063344	0.093671	-0.064276	-0.007327
3.130000	1.064281	0.051138	-0.064549	-0.004771
3.140000	1.064792	0.008566	-0.064797	-0.002195
3.150000	1.064878	-0.034025	-0.065019	0.000398
3.160000	1.064537	-0.076620	-0.065215	0.003008
3.170000	1.063771	-0.119202	-0.065385	0.005634
3.180000	1.062579	-0.161753	-0.065528	0.008275
3.190000	1.060962	-0.204256	-0.065645	0.010930
3.200000	1.058919	-0.246694	-0.065734	0.013597
3.210000	1.056452	-0.289051	-0.065797	0.016274
3.220000	1.053562	-0.331309	-0.065832	0.018964
3.230000	1.050249	-0.373452	-0.065840	0.021662
3.240000	1.046514	-0.415462	-0.065820	0.024369
3.250000	1.042360	-0.457322	-0.065772	0.027082
3.260000	1.037786	-0.499017	-0.065696	0.029802
3.270000	1.032796	-0.540528	-0.065592	0.032526
3.280000	1.027391	-0.581840	-0.065460	0.035254
3.290000	1.021573	-0.622936	-0.065300	0.037984
3.300000	1.015343	-0.663799	-0.065111	0.040716
3.310000	1.008705	-0.704412	-0.064893	0.043448
3.320000	1.001661	-0.744760	-0.064647	0.046178
3.330000	0.994214	-0.784827	-0.064372	0.048906
3.340000	0.986365	-0.824595	-0.064069	0.051631
3.350000	0.978119	-0.864050	-0.063736	0.054351
3.360000	0.969479	-0.903175	-0.063375	0.057064
3.370000	0.960447	-0.941954	-0.062985	0.059771
3.380000	0.951028	-0.980372	-0.062566	0.062469
3.390000	0.941224	-1.018413	-0.062118	0.065158
3.400000	0.931040	-1.056062	-0.061642	0.067836
3.410000	0.920479	-1.093303	-0.061137	0.070501
3.420000	0.909546	-1.130123	-0.060603	0.073154
3.430000	0.898245	-1.166505	-0.060041	0.075792
3.440000	0.886580	-1.202434	-0.059450	0.078414
3.450000	0.874555	-1.237898	-0.058830	0.081019
3.460000	0.862176	-1.272880	-0.058183	0.083605
3.470000	0.849448	-1.307367	-0.057506	0.086172
3.480000	0.836374	-1.341345	-0.056802	0.088718
3.490000	0.822960	-1.374799	-0.056070	0.091243
3.500000	0.809213	-1.407718	-0.055310	0.093745
3.510000	0.795135	-1.440086	-0.054523	0.096222
3.520000	0.780734	-1.471892	-0.053708	0.098674
3.530000	0.766016	-1.503121	-0.052865	0.101099
3.540000	0.750984	-1.533762	-0.051996	0.103496
3.550000	0.735647	-1.563801	-0.051100	0.105863
3.560000	0.720009	-1.593227	-0.050177	0.108201
3.570000	0.704076	-1.622028	-0.049228	0.110507
3.580000	0.687856	-1.650191	-0.048253	0.112780
3.590000	0.671354	-1.677705	-0.047252	0.115019
3.600000	0.654577	-1.704559	-0.046226	0.117223
3.610000	0.637532	-1.730742	-0.045174	0.119392
3.620000	0.620224	-1.756243	-0.044098	0.121522
3.630000	0.602662	-1.781052	-0.042996	0.123615
3.640000	0.584851	-1.805159	-0.041871	0.125668
3.650000	0.566800	-1.828553	-0.040722	0.127680
3.660000	0.548514	-1.851225	-0.039549	0.129650
3.670000	0.530002	-1.873165	-0.038353	0.131578
3.680000	0.511270	-1.894366	-0.037135	0.133462
3.690000	0.492327	-1.914816	-0.035894	0.135301
3.700000	0.473178	-1.934509	-0.034631	0.137094
3.710000	0.453833	-1.953436	-0.033346	0.138839
3.720000	0.434299	-1.971590	-0.032041	0.140537
3.730000	0.414583	-1.988962	-0.030715	0.142186
3.740000	0.394693	-2.005545	-0.029369	0.143785
3.750000	0.374638	-2.021333	-0.028003	0.145333
3.760000	0.354425	-2.036319	-0.026617	0.146829
3.770000	0.334062	-2.050496	-0.025213	0.148273
3.780000	0.313557	-2.063858	-0.023791	0.149663
3.790000	0.292918	-2.076400	-0.022351	0.150998
3.800000	0.272154	-2.088117	-0.020894	0.152278
3.810000	0.251273	-2.099003	-0.019420	0.153501
3.820000	0.230283	-2.109054	-0.017930	0.154668
3.830000	0.209192	-2.118265	-0.016425	0.155776
3.840000	0.188010	-2.126633	-0.014904	0.156827
3.850000	0.166743	-2.134154	-0.013369	0.157817
3.860000	0.145402	-2.140823	-0.011820	0.158748
3.870000	0.123993	-2.146639	-0.010258	0.159617
3.880000	0.102527	-2.151599	-0.008684	0.160425
3.890000	0.081011	-2.155700	-0.007097	0.161171
3.900000	0.059454	-2.158941	-0.005498	0.161854
3.910000	0.037865	-2.161319	-0.003889	0.162473
3.920000	0.016252	-2.162833	-0.002270	0.163029
3.930000	-0.005377	-2.163484	-0.000641	0.163520
3.940000	-0.027012	-2.163269	0.000997	0.163945
3.950000	-0.048644	-2.162188	0.002643	0.164305
3.960000	-0.070266	-2.160242	0.004296	0.164599
3.970000	-0.091869	-2.157432	0.005956	0.164826
3.980000	-0.113443	-2.153757	0.007623	0.164986
3.990000	-0.134981	-2.149219	0.009295	0.165079
4.000000	-0.156473	-2.143820	0.010973	0.165103
4.010000	-0.177911	-2.137561	0.012655	0.165060
4.020000	-0.199287	-2.130444	0.014339	0.164947
4.030000	-0.220591	-2.122473	0.016027	0.164766
4.040000	-0.241816	-2.113649	0.017717	0.164516
4.050000	-0.262952	-2.103976	0.019409	0.164197
4.060000	-0.283992	-2.093458	0.021100	0.163808
4.070000	-0.304927	-2.082099	0.022793	0.163349
4.080000	-0.325748	-2.069902	0.024483	0.162820
4.090000	-0.346447	-2.056872	0.026173	0.162221
4.100000	-0.367015	-2.043014	0.027861	0.161553
4.110000	-0.387445	-2.028333	0.029545	0.160814
4.120000	-0.407729	-2.012835	0.031226	0.160004
4.130000	-0.427857	-1.996526	0.032902	0.159125
4.140000	-0.447822	-1.979412	0.034574	0.158175
4.150000	-0.467616	-1.961499	0.036239	0.157156
4.160000	-0.487231	-1.942795	0.037899	0.156065
4.170000	-0.506659	-1.923305	0.039550	0.154906
4.180000	-0.525892	-1.903039	0.041194	0.153676
4.190000	-0.544923	-1.882003	0.042829	0.152377
4.200000	-0.563743	-1.860206	0.044455	0.151008
4.210000	-0.582345	-1.837657	0.046069	0.149571
4.220000	-0.600722	-1.814363	0.047674	0.148064
4.230000	-0.618865	-1.790334	0.049266	0.146489
4.240000	-0.636769	-1.765579	0.050846	0.144845
4.250000	-0.654424	-1.740108	0.052412	0.143134
4.260000	-0.671825	-1.713931	0.053966	0.141355
4.270000	-0.688965	-1.687058	0.055503	0.139510
4.280000	-0.705835	-1.659500	0.057027	0.137597
4.290000	-0.722430	-1.631266	0.058533	0.135619
4.300000	-0.738743	-1.602369	0.060023	0.133574
4.310000	-0.754767	-1.572820	0.061495	0.131466
4.320000	-0.770495	-1.542629	0.062950	0.129292
4.330000	-0.785921	-1.511809	0.064385	0.127055
4.340000	-0.801039	-1.480372	0.065801	0.124754
4.350000	-0.815843	-1.448331	0.067196	0.122392
4.360000	-0.830326	-1.415697	0.068571	0.119968
4.370000	-0.844483	-1.382484	0.069924	0.117482
4.380000	-0.858308	-1.348705	0.071254	0.114936
4.390000	-0.871795	-1.314372	0.072562	0.112330
4.400000	-0.884939	-1.279501	0.073846	0.109667
4.410000	-0.897734	-1.244103	0.075106	0.106944
4.420000	-0.910175	-1.208194	0.076340	0.104166
4.430000	-0.922257	-1.171787	0.077549	0.101330
4.440000	-0.933975	-1.134897	0.078732	0.098440
4.450000	-0.945324	-1.097538	0.079889	0.095495
4.460000	-0.956299	-1.059725	0.081017	0.092498
4.470000	-0.966896	-1.021473	0.082118	0.089448
4.480000	-0.977111	-0.982797	0.083190	0.086348
4.490000	-0.986939	-0.943712	0.084233	0.083197
4.500000	-0.996376	-0.904235	0.085246	0.079998
4.510000	-1.005418	-0.864380	0.086229	0.076749
4.520000	-1.014062	-0.824163	0.087180	0.073456
4.530000	-1.022304	-0.783600	0.088101	0.070116
4.540000	-1.030140	-0.742708	0.088989	0.066733
4.550000	-1.037567	-0.701503	0.089845	0.063305
4.560000	-1.044582	-0.660000	0.090668	0.059837
4.570000	-1.051182	-0.618217	0.091458	0.056327
4.580000	-1.057364	-0.576170	0.092214	0.052779
4.590000	-1.063126	-0.533875	0.092935	0.049192
4.600000	-1.068465	-0.491350	0.093621	0.045570
4.610000	-1.073378	-0.448611	0.094272	0.041912
4.620000	-1.077864	-0.405676	0.094887	0.038219
4.630000	-1.081921	-0.362562	0.095466	0.034496
4.640000	-1.085547	-0.319285	0.096009	0.030739
4.650000	-1.088740	-0.275863	0.096514	0.026955
4.660000	-1.091498	-0.232313	0.096982	0.023140
4.670000	-1.093821	-0.188653	0.097413	0.019301
4.680000	-1.095708	-0.144901	0.097805	0.015435
4.690000	-1.097157	-0.101072	0.098159	0.011547
4.700000	-1.098168	-0.057186	0.098475	0.007634
4.710000	-1.098739	-0.013259	0.098751	0.003704
4.720000	-1.098872	0.030690	0.098988	-0.000248
4.730000	-1.098565	0.074645	0.099185	-0.004216
4.740000	-1.097819	0.118588	0.099343	-0.008201
4.750000	-1.096633	0.162500	0.099461	-0.012198
4.760000	-1.095008	0.206366	0.099538	-0.016210
4.770000	-1.092944	0.250166	0.099575	-0.020232
4.780000	-1.090442	0.293884	0.099571	-0.024264
4.790000	-1.087504	0.337502	0.099526	-0.028303
4.800000	-1.084129	0.381002	0.099441	-0.032349
4.810000	-1.080318	0.424367	0.099314	-0.036398
4.820000	-1.076075	0.467580	0.099146	-0.040452
4.830000	-1.071399	0.510623	0.098936	-0.044505
4.840000	-1.066293	0.553479	0.098685	-0.048559
4.850000	-1.060758	0.596130	0.098393	-0.052609
4.860000	-1.054797	0.638561	0.098059	-0.056657
4.870000	-1.048411	0.680753	0.097684	-0.060698
4.880000	-1.041604	0.722689	0.097266	-0.064731
4.890000	-1.034377	0.764353	0.096807	-0.068756
4.900000	-1.026733	0.805728	0.096307	-0.072770
4.910000	-1.018676	0.846797	0.095765	-0.076772
4.920000	-1.010208	0.887545	0.095181	-0.080758
4.930000	-1.001332	0.927953	0.094556	-0.084730
4.940000	-0.992053	0.968006	0.093889	-0.088682
4.950000	-0.982373	1.007688	0.093181	-0.092617
4.960000	-0.972296	1.046983	0.092433	-0.096529
4.970000	-0.961826	1.085875	0.091643	-0.100420
4.980000	-0.950967	1.124348	0.090812	-0.104284
4.990000	-0.939724	1.162387	0.089940	-0.108124
5.000000	-0.928100	1.199976	0.089028	-0.111934
5.010000	-0.916100	1.237100	0.088076	-0.115715
5.020000	-0.903729	1.273744	0.087084	-0.119464
5.030000	-0.890992	1.309893	0.086051	-0.123181
5.040000	-0.877893	1.345533	0.084980	-0.126862
5.050000	-0.864437	1.380648	0.083869	-0.130508
5.060000	-0.850631	1.415226	0.082719	-0.134114
5.070000	-0.836479	1.449251	0.081531	-0.137682
5.080000	-0.821986	1.482710	0.080304	-0.141207
5.090000	-0.807159	1.515590	0.079039	-0.144690
5.100000	-0.792003	1.547876	0.077737	-0.148127
5.110000	-0.776525	1.579556	0.076398	-0.151519
5.120000	-0.760729	1.610617	0.075022	-0.154862
5.130000	-0.744623	1.641046	0.073610	-0.158155
5.140000	-0.728212	1.670831	0.072161	-0.161398
5.150000	-0.711504	1.699960	0.070678	-0.164588
5.160000	-0.694504	1.728420	0.069159	-0.167724
5.170000	-0.677220	1.756200	0.067606	-0.170804
5.180000	-0.659658	1.783289	0.066018	-0.173827
5.190000	-0.641825	1.809675	0.064398	-0.176791
5.200000	-0.623729	1.835348	0.062744	-0.179695
5.210000	-0.605375	1.860297	0.061059	-0.182537
5.220000	-0.586772	1.884512	0.059340	-0.185317
5.230000	-0.567927	1.907983	0.057592	-0.188032
5.240000	-0.548847	1.930700	0.055812	-0.190681
5.250000	-0.529540	1.952654	0.054003	-0.193263
5.260000	-0.510014	1.973836	0.052164	-0.195776
5.270000	-0.490275	1.994236	0.050297	-0.198219
5.280000	-0.470333	2.013847	0.048401	-0.200592
5.290000	-0.450194	2.032661	0.046479	-0.202892
5.300000	-0.429868	2.050668	0.044529	-0.205118
5.310000	-0.409361	2.067863	0.042554	-0.207269
5.320000	-0.388683	2.084238	0.040553	-0.209345
5.330000	-0.367840	2.099785	0.038529	-0.211342
5.340000	-0.346842	2.114498	0.036479	-0.213262
5.350000	-0.325697	2.128372	0.034408	-0.215102
5.360000	-0.304414	2.141400	0.032313	-0.216862
5.370000	-0.283000	2.153576	0.030198	-0.218540
5.380000	-0.261464	2.164896	0.028063	-0.220135
5.390000	-0.239815	2.175355	0.025906	-0.221647
5.400000	-0.218061	2.184947	0.023732	-0.223075
5.410000	-0.196212	2.193670	0.021538	-0.224417
5.420000	-0.174275	2.201518	0.019328	-0.225673
5.430000	-0.152260	2.208489	0.017100	-0.226842
5.440000	-0.130175	2.214580	0.014858	-0.227922
5.450000	-0.108029	2.219787	0.012600	-0.228914
5.460000	-0.085831	2.224108	0.010329	-0.229817
5.470000	-0.063590	2.227541	0.008044	-0.230629
5.480000	-0.041315	2.230085	0.005748	-0.231350
5.490000	-0.019014	2.231737	0.003440	-0.231980
5.500000	0.003303	2.232498	0.001122	-0.232518
5.510000	0.025628	2.232366	-0.001206	-0.232962
5.520000	0.047952	2.231341	-0.003541	-0.233314
5.530000	0.070265	2.229423	-0.005885	-0.233572
5.540000	0.092560	2.226612	-0.008234	-0.233735
5.550000	0.114826	2.222909	-0.010590	-0.233804
5.560000	0.137055	2.218316	-0.012950	-0.233778
5.570000	0.159238	2.212834	-0.015314	-0.233656
5.580000	0.181366	2.206465	-0.017681	-0.233439
5.590000	0.203431	2.199210	-0.020050	-0.233126
5.600000	0.225423	2.191073	-0.022418	-0.232717
5.610000	0.247334	2.182056	-0.024788	-0.232211
5.620000	0.269154	2.172162	-0.027155	-0.231609
5.630000	0.290876	2.161396	-0.029522	-0.230910
5.640000	0.312490	2.149761	-0.031884	-0.230115
5.650000	0.333988	2.137261	-0.034242	-0.229223
5.660000	0.355360	2.123902	-0.036596	-0.228234
5.670000	0.376599	2.109687	-0.038943	-0.227148
5.680000	0.397696	2.094623	-0.041284	-0.225966
5.690000	0.418642	2.078716	-0.043615	-0.224688
5.700000	0.439429	2.061970	-0.045939	-0.223312
5.710000	0.460049	2.044393	-0.048252	-0.221842
5.720000	0.480493	2.025991	-0.050554	-0.220275
5.730000	0.500753	2.006771	-0.052843	-0.218613
5.740000	0.520821	1.986741	-0.055121	-0.216855
5.750000	0.540688	1.965908	-0.057383	-0.215004
5.760000	0.560347	1.944281	-0.059632	-0.213057
5.770000	0.579790	1.921867	-0.061863	-0.211017
5.780000	0.599009	1.898675	-0.064078	-0.208883
5.790000	0.617995	1.874715	-0.066275	-0.206657
5.800000	0.636743	1.849995	-0.068453	-0.204337
5.810000	0.655243	1.824525	-0.070611	-0.201927
5.820000	0.673488	1.798316	-0.072749	-0.199425
5.830000	0.691471	1.771376	-0.074864	-0.196834
5.840000	0.709185	1.743717	-0.076957	-0.194152
5.850000	0.726622	1.715350	-0.079026	-0.191382
5.860000	0.743775	1.686285	-0.081070	-0.188524
5.870000	0.760638	1.656534	-0.083089	-0.185579
5.880000	0.777204	1.626108	-0.085081	-0.182548
5.890000	0.793465	1.595020	-0.087046	-0.179432
5.900000	0.809415	1.563282	-0.088982	-0.176232
5.910000	0.825048	1.530905	-0.090890	-0.172947
5.920000	0.840357	1.497903	-0.092767	-0.169582
5.930000	0.855336	1.464289	-0.094613	-0.166134
5.940000	0.869979	1.430075	-0.096427	-0.162608
5.950000	0.884279	1.395276	-0.098209	-0.159001
5.960000	0.898232	1.359905	-0.099957	-0.155319
5.970000	0.911831	1.323976	-0.101671	-0.151559
5.980000	0.925071	1.287503	-0.103349	-0.147725
5.990000	0.937946	1.250500	-0.104992	-0.143816
6.000000	0.950451	1.212982	-0.106597	-0.139836
6.010000	0.962581	1.174964	-0.108165	-0.135784
6.020000	0.974330	1.136461	-0.109694	-0.131664
6.030000	0.985695	1.097488	-0.111185	-0.127474
6.040000	0.996670	1.058060	-0.112635	-0.123219
6.050000	1.007250	1.018193	-0.114045	-0.118897
6.060000	1.017432	0.977903	-0.115413	-0.114514
6.070000	1.027211	0.937206	-0.116739	-0.110066
6.080000	1.036583	0.896117	-0.118022	-0.105561
6.090000	1.045545	0.854654	-0.119262	-0.100995
6.100000	1.054091	0.812832	-0.120458	-0.096373
6.110000	1.062220	0.770669	-0.121609	-0.091695
6.120000	1.069926	0.728180	-0.122714	-0.086965
6.130000	1.077208	0.685383	-0.123774	-0.082181
6.140000	1.084062	0.642294	-0.124786	-0.077349
6.150000	1.090485	0.598932	-0.125752	-0.072469
6.160000	1.096474	0.555313	-0.126670	-0.067540
6.170000	1.102027	0.511454	-0.127540	-0.062569
6.180000	1.107142	0.467372	-0.128361	-0.057554
6.190000	1.111815	0.423087	-0.129132	-0.052500
6.200000	1.116046	0.378614	-0.129854	-0.047405
6.210000	1.119832	0.333972	-0.130525	-0.042275
6.220000	1.123172	0.289179	-0.131146	-0.037109
6.230000	1.126064	0.244252	-0.131716	-0.031912
6.240000	1.128506	0.199210	-0.132234	-0.026682
6.250000	1.130499	0.154069	-0.132700	-0.021426
6.260000	1.132039	0.108849	-0.133114	-0.016140
6.270000	1.133128	0.063568	-0.133475	-0.010833
6.280000	1.133763	0.018243	-0.133784	-0.005501
6.290000	1.133946	-0.027108	-0.134039	-0.000150
6.300000	1.133675	-0.072466	-0.134240	0.005221
6.310000	1.132950	-0.117813	-0.134388	0.010605
6.320000	1.131772	-0.163131	-0.134481	0.016006
6.330000	1.130141	-0.208401	-0.134521	0.021416
6.340000	1.128057	-0.253607	-0.134505	0.026838
6.350000	1.125520	-0.298729	-0.134436	0.032266
6.360000	1.122533	-0.343750	-0.134311	0.037700
6.370000	1.119096	-0.388651	-0.134131	0.043135
6.380000	1.115209	-0.433415	-0.133897	0.048573
6.390000	1.110875	-0.478024	-0.133607	0.054008
6.400000	1.106095	-0.522459	-0.133262	0.059441
6.410000	1.100870	-0.566703	-0.132862	0.064865
6.420000	1.095203	-0.610737	-0.132407	0.070282
6.430000	1.089096	-0.654545	-0.131896	0.075690
6.440000	1.082550	-0.698109	-0.131330	0.081083
6.450000	1.075569	-0.741411	-0.130709	0.086463
6.460000	1.068155	-0.784434	-0.130033	0.091824
6.470000	1.060311	-0.827160	-0.129302	0.097167
6.480000	1.052039	-0.869573	-0.128516	0.102487
6.490000	1.043344	-0.911654	-0.127675	0.107785
6.500000	1.034227	-0.953388	-0.126780	0.113054
6.510000	1.024693	-0.994757	-0.125830	0.118297
6.520000	1.014746	-1.035745	-0.124827	0.123507
6.530000	1.004388	-1.076335	-0.123769	0.128685
6.540000	0.993625	-1.116510	-0.122658	0.133827
6.550000	0.982460	-1.156255	-0.121493	0.138933
6.560000	0.970897	-1.195554	-0.120275	0.143998
6.570000	0.958942	-1.234389	-0.119004	0.149022
6.580000	0.946598	-1.272747	-0.117682	0.154001
6.590000	0.933870	-1.310611	-0.116306	0.158935
6.600000	0.920764	-1.347966	-0.114880	0.163819
6.610000	0.907284	-1.384796	-0.113402	0.168654
6.620000	0.893436	-1.421088	-0.111874	0.173435
6.630000	0.879226	-1.456825	-0.110294	0.178162
6.640000	0.864657	-1.491994	-0.108666	0.182831
6.650000	0.849737	-1.526580	-0.106988	0.187442
6.660000	0.834472	-1.560570	-0.105261	0.191991
6.670000	0.818866	-1.593949	-0.103487	0.196476
6.680000	0.802926	-1.626704	-0.101664	0.200898
6.690000	0.786659	-1.658821	-0.099794	0.205251
6.700000	0.770071	-1.690287	-0.097878	0.209536
6.710000	0.753168	-1.721090	-0.095916	0.213748
6.720000	0.735957	-1.751216	-0.093909	0.217889
6.730000	0.718445	-1.780655	-0.091858	0.221953
6.740000	0.700639	-1.809392	-0.089762	0.225941
6.750000	0.682545	-1.837418	-0.087624	0.229849
6.760000	0.664171	-1.864720	-0.085443	0.233678
6.770000	0.645523	-1.891287	-0.083221	0.237423
6.780000	0.626611	-1.917108	-0.080958	0.241084
6.790000	0.607439	-1.942172	-0.078656	0.244659
6.800000	0.588018	-1.966470	-0.076313	0.248147
6.810000	0.568353	-1.989990	-0.073933	0.251544
6.820000	0.548453	-2.012724	-0.071515	0.254850
6.830000	0.528326	-2.034662	-0.069061	0.258063
6.840000	0.507979	-2.055795	-0.066571	0.261183
6.850000	0.487421	-2.076115	-0.064047	0.264205
6.860000	0.466660	-2.095612	-0.061488	0.267131
6.870000	0.445704	-2.114278	-0.058897	0.269957
6.880000	0.424561	-2.132106	-0.056273	0.272683
6.890000	0.403240	-2.149089	-0.053619	0.275307
6.900000	0.381749	-2.165218	-0.050934	0.277828
6.910000	0.360097	-2.180488	-0.048221	0.280243
6.920000	0.338292	-2.194892	-0.045480	0.282552
6.930000	0.316343	-2.208424	-0.042711	0.284755
6.940000	0.294259	-2.221078	-0.039918	0.286849
6.950000	0.272048	-2.232848	-0.037098	0.288833
6.960000	0.249720	-2.243730	-0.034256	0.290706
6.970000	0.227283	-2.253719	-0.031390	0.292468
6.980000	0.204745	-2.262810	-0.028504	0.294116
6.990000	0.182117	-2.271000	-0.025596	0.295651
7.000000	0.159407	-2.278285	-0.022670	0.297070
7.010000	0.136624	-2.284661	-0.019725	0.298373
7.020000	0.113778	-2.290126	-0.016764	0.299560
7.030000	0.090877	-2.294677	-0.013786	0.300629
7.040000	0.067930	-2.298312	-0.010794	0.301579
7.050000	0.044947	-2.301029	-0.007788	0.302411
7.060000	0.021936	-2.302827	-0.004770	0.303122
7.070000	-0.001092	-2.303705	-0.001741	0.303713
7.080000	-0.024129	-2.303661	0.001298	0.304182
7.090000	-0.047166	-2.302696	0.004346	0.304530
7.100000	-0.070193	-2.300809	0.007401	0.304756
7.110000	-0.093201	-2.298002	0.010463	0.304859
7.120000	-0.116181	-2.294274	0.013529	0.304839
7.130000	-0.139123	-2.289627	0.016600	0.304695
7.140000	-0.162020	-2.284062	0.019672	0.304428
7.150000	-0.184860	-2.277581	0.022747	0.304037
7.160000	-0.207636	-2.270187	0.025820	0.303521
7.170000	-0.230338	-2.261881	0.028893	0.302882
7.180000	-0.252957	-2.252668	0.031964	0.302117
7.190000	-0.275483	-2.242549	0.035030	0.301228
7.200000	-0.297909	-2.231530	0.038092	0.300214
7.210000	-0.320224	-2.219614	0.041147	0.299077
7.220000	-0.342420	-2.206805	0.044195	0.297814
7.230000	-0.364488	-2.193108	0.047234	0.296427
7.240000	-0.386420	-2.178528	0.050263	0.294916
7.250000	-0.408205	-2.163072	0.053281	0.293282
7.260000	-0.429835	-2.146744	0.056286	0.291523
7.270000	-0.451303	-2.129550	0.059277	0.289642
7.280000	-0.472598	-2.111498	0.062253	0.287638
7.290000	-0.493713	-2.092594	0.065213	0.285511
7.300000	-0.514639	-2.072846	0.068155	0.283263
7.310000	-0.535368	-2.052260	0.071078	0.280894
7.320000	-0.555890	-2.030845	0.073981	0.278403
7.330000	-0.576199	-2.008610	0.076862	0.275794
7.340000	-0.596285	-1.985562	0.079722	0.273064
7.350000	-0.616141	-1.961710	0.082556	0.270217
7.360000	-0.635758	-1.937065	0.085367	0.267251
7.370000	-0.655128	-1.911635	0.088150	0.264169
7.380000	-0.674245	-1.885429	0.090907	0.260970
7.390000	-0.693099	-1.858460	0.093634	0.257658
7.400000	-0.711684	-1.830736	0.096332	0.254231
7.410000	-0.729991	-1.802268	0.098998	0.250692
7.420000	-0.748014	-1.773069	0.101632	0.247040
7.430000	-0.765744	-1.743148	0.104233	0.243278
7.440000	-0.783176	-1.712518	0.106798	0.239408
7.450000	-0.800301	-1.681191	0.109329	0.235428
7.460000	-0.817113	-1.649179	0.111822	0.231343
7.470000	-0.833605	-1.616495	0.114278	0.227151
7.480000	-0.849770	-1.583151	0.116694	0.222857
7.490000	-0.865601	-1.549160	0.119070	0.218458
7.500000	-0.881093	-1.514536	0.121405	0.213960
7.510000	-0.896238	-1.479292	0.123698	0.209361
7.520000	-0.911031	-1.443443	0.125946	0.204666
7.530000	-0.925465	-1.407001	0.128151	0.199873
7.540000	-0.939535	-1.369983	0.130310	0.194987
7.550000	-0.953235	-1.332401	0.132423	0.190007
7.560000	-0.966559	-1.294272	0.134487	0.184937
7.570000	-0.979502	-1.255610	0.136504	0.179776
7.580000	-0.992058	-1.216429	0.138471	0.174530
7.590000	-1.004222	-1.176747	0.140388	0.169196
7.600000	-1.015990	-1.136578	0.142253	0.163781
7.610000	-1.027356	-1.095939	0.144066	0.158282
7.620000	-1.038315	-1.054844	0.145826	0.152705
7.630000	-1.048864	-1.013312	0.147533	0.147049
7.640000	-1.058997	-0.971357	0.149184	0.141320
7.650000	-1.068710	-0.928997	0.150780	0.135515
7.660000	-1.078000	-0.886249	0.152319	0.129641
7.670000	-1.086863	-0.843129	0.153801	0.123696
7.680000	-1.095294	-0.799655	0.155225	0.117686
7.690000	-1.103291	-0.755843	0.156590	0.111612
7.700000	-1.110849	-0.711711	0.157896	0.105474
7.710000	-1.117966	-0.667277	0.159142	0.099277
7.720000	-1.124639	-0.622559	0.160327	0.093022
7.730000	-1.130864	-0.577573	0.161450	0.086713
7.740000	-1.136640	-0.532339	0.162512	0.080350
7.750000	-1.141964	-0.486873	0.163510	0.073938
7.760000	-1.146832	-0.441194	0.164446	0.067476
7.770000	-1.151244	-0.395321	0.165317	0.060972
7.780000	-1.155198	-0.349271	0.166124	0.054422
7.790000	-1.158690	-0.303063	0.166866	0.047835
7.800000	-1.161721	-0.256716	0.167543	0.041207
7.810000	-1.164288	-0.210247	0.168154	0.034547
7.820000	-1.166391	-0.163675	0.168699	0.027852
7.830000	-1.168027	-0.117020	0.169177	0.021130
7.840000	-1.169197	-0.070299	0.169588	0.014378
7.850000	-1.169900	-0.023531	0.169932	0.007604
7.860000	-1.170136	0.023265	0.170208	0.000806
7.870000	-1.169903	0.070071	0.170416	-0.006009
7.880000	-1.169202	0.116867	0.170556	-0.012842
7.890000	-1.168034	0.163635	0.170627	-0.019687
7.900000	-1.166397	0.210356	0.170630	-0.026544
7.910000	-1.164294	0.257012	0.170563	-0.033408
7.920000	-1.161724	0.303584	0.170428	-0.040279
7.930000	-1.158688	0.350053	0.170223	-0.047150
7.940000	-1.155187	0.396400	0.169949	-0.054021
7.950000	-1.151223	0.442608	0.169606	-0.060891
7.960000	-1.146797	0.488657	0.169193	-0.067754
7.970000	-1.141911	0.534529	0.168710	-0.074609
7.980000	-1.136565	0.580205	0.168159	-0.081451
7.990000	-1.130763	0.625668	0.167537	-0.088281
8.000000	-1.124506	0.670898	0.166847	-0.095092
8.010000	-1.117797	0.715878	0.166087	-0.101882
8.020000	-1.110639	0.760590	0.165258	-0.108654
8.030000	-1.103033	0.805016	0.164360	-0.115396
8.040000	-1.094983	0.849137	0.163394	-0.122110
8.050000	-1.086491	0.892937	0.162359	-0.128793
8.059999	-1.077562	0.936396	0.161254	-0.135445
8.070000	-1.068198	0.979499	0.160083	-0.142057
8.080000	-1.058403	1.022227	0.158844	-0.148630
8.090000	-1.048181	1.064563	0.157537	-0.155160
8.099999	-1.037535	1.106490	0.156162	-0.161648
8.110000	-1.026470	1.147991	0.154721	-0.168085
8.120000	-1.014990	1.189050	0.153214	-0.174471
8.130000	-1.003100	1.229650	0.151642	-0.180804
8.139999	-0.990803	1.269774	0.150002	-0.187084
8.150000	-0.978105	1.309406	0.148299	-0.193302
8.160000	-0.965011	1.348530	0.146532	-0.199459
8.170000	-0.951526	1.387130	0.144700	-0.205552
8.179999	-0.937655	1.425191	0.142804	-0.211580
8.190000	-0.923403	1.462698	0.140847	-0.217537
8.200000	-0.908776	1.499634	0.138828	-0.223421
8.210000	-0.893780	1.535985	0.136747	-0.229231
8.220000	-0.878420	1.571736	0.134605	-0.234963
8.230000	-0.862702	1.606873	0.132403	-0.240619
8.240000	-0.846633	1.641381	0.130142	-0.246190
8.250000	-0.830220	1.675246	0.127823	-0.251676
8.260000	-0.813467	1.708455	0.125446	-0.257074
8.270000	-0.796383	1.740994	0.123011	-0.262386
8.280000	-0.778973	1.772849	0.120521	-0.267604
8.290000	-0.761244	1.804008	0.117976	-0.272727
8.300000	-0.743204	1.834458	0.115376	-0.277753
8.309999	-0.724860	1.864186	0.112722	-0.282683
8.320000	-0.706218	1.893180	0.110017	-0.287509
8.330000	-0.687286	1.921429	0.107261	-0.292232
8.340000	-0.668072	1.948920	0.104454	-0.296849
8.349999	-0.648582	1.975643	0.101596	-0.301361
8.360000	-0.628826	2.001587	0.098691	-0.305761
8.370000	-0.608810	2.026740	0.095738	-0.310048
8.380000	-0.588543	2.051092	0.092740	-0.314222
8.389999	-0.568032	2.074634	0.089694	-0.318282
8.400000	-0.547286	2.097355	0.086606	-0.322222
8.410000	-0.526312	2.119246	0.083475	-0.326042
8.420000	-0.505120	2.140299	0.080303	-0.329740
8.429999	-0.483717	2.160504	0.077088	-0.333317
8.440000	-0.462112	2.179852	0.073835	-0.336766
8.450000	-0.440313	2.198337	0.070544	-0.340089
8.460000	-0.418330	2.215949	0.067217	-0.343283
8.470000	-0.396170	2.232682	0.063853	-0.346347
8.480000	-0.373843	2.248529	0.060454	-0.349280
8.490000	-0.351358	2.263483	0.057023	-0.352078
8.500000	-0.328723	2.277537	0.053560	-0.354742
8.510000	-0.305948	2.290686	0.050067	-0.357270
8.520000	-0.283041	2.302924	0.046542	-0.359660
8.530000	-0.260012	2.314246	0.042992	-0.361911
8.540000	-0.236869	2.324646	0.039416	-0.364022
8.550000	-0.213623	2.334121	0.035814	-0.365991
8.559999	-0.190282	2.342666	0.032187	-0.367818
8.570000	-0.166855	2.350277	0.028540	-0.369501
8.580000	-0.143352	2.356951	0.024871	-0.371039
8.590000	-0.119783	2.362686	0.021184	-0.372431
8.599999	-0.096156	2.367477	0.017476	-0.373677
8.610000	-0.072481	2.371323	0.013755	-0.374775
8.620000	-0.048768	2.374222	0.010018	-0.375724
8.630000	-0.025026	2.376173	0.006267	-0.376525
8.639999	-0.001264	2.377174	0.002503	-0.377176
8.650000	0.022508	2.377225	-0.001270	-0.377676
8.660000	0.046280	2.376324	-0.005052	-0.378025
8.670000	0.070043	2.374473	-0.008841	-0.378222
8.679999	0.093788	2.371671	-0.012638	-0.378268
8.690000	0.117505	2.367920	-0.016438	-0.378161
8.700000	0.141184	2.363220	-0.020241	-0.377901
8.710000	0.164816	2.357572	-0.024045	-0.377488
8.720000	0.188392	2.350980	-0.027849	-0.376922
8.730000	0.211902	2.343444	-0.031653	-0.376202
8.740000	0.235336	2.334968	-0.035452	-0.375329
8.750000	0.258686	2.325554	-0.039246	-0.374302
8.760000	0.281941	2.315207	-0.043034	-0.373122
8.770000	0.305093	2.303929	-0.046815	-0.371788
8.780000	0.328133	2.291726	-0.050586	-0.370302
8.790000	0.351050	2.278600	-0.054345	-0.368662
8.800000	0.373836	2.264558	-0.058092	-0.366870
8.809999	0.396482	2.249605	-0.061826	-0.364924
8.820000	0.418978	2.233746	-0.065543	-0.362827
8.830000	0.441315	2.216986	-0.069243	-0.360579
8.840000	0.463485	2.199334	-0.072924	-0.358180
8.849999	0.485478	2.180794	-0.076587	-0.355629
8.860000	0.507286	2.161375	-0.080225	-0.352929
8.870000	0.528900	2.141084	-0.083841	-0.350081
8.880000	0.550311	2.119928	-0.087432	-0.347085
8.889999	0.571510	2.097915	-0.090997	-0.343940
8.900000	0.592489	2.075055	-0.094534	-0.340650
8.910000	0.613240	2.051355	-0.098041	-0.337214
8.920000	0.633753	2.026826	-0.101516	-0.333635
8.929999	0.654022	2.001476	-0.104962	-0.329910
8.940000	0.674036	1.975315	-0.108371	-0.326045
8.950000	0.693790	1.948353	-0.111746	-0.322039
8.960000	0.713273	1.920602	-0.115083	-0.317893
8.970000	0.732479	1.892071	-0.118382	-0.313609
8.980000	0.751400	1.862772	-0.121643	-0.309186
8.990000	0.770028	1.832716	-0.124862	-0.304630
9.000000	0.788355	1.801915	-0.128038	-0.299940
9.010000	0.806374	1.770380	-0.131170	-0.295118
9.020000	0.824078	1.738125	-0.134258	-0.290162
9.030000	0.841459	1.705162	-0.137299	-0.285080
9.040000	0.858511	1.671504	-0.140291	-0.279871
9.050000	0.875226	1.637164	-0.143234	-0.274537
9.059999	0.891597	1.602154	-0.146127	-0.269076
9.070000	0.907619	1.566491	-0.148968	-0.263496
9.080000	0.923284	1.530186	-0.151755	-0.257796
9.090000	0.938586	1.493255	-0.154488	-0.251979
9.099999	0.953518	1.455711	-0.157166	-0.246044
9.110000	0.968075	1.417570	-0.159787	-0.239998
9.120000	0.982251	1.378847	-0.162349	-0.233840
9.130000	0.996039	1.339557	-0.164852	-0.227574
9.139999	1.009435	1.299716	-0.167295	-0.221197
9.150000	1.022432	1.259338	-0.169676	-0.214720
9.160000	1.035026	1.218441	-0.171994	-0.208140
9.170000	1.047210	1.177040	-0.174249	-0.201461
9.179999	1.058980	1.135152	-0.176439	-0.194681
9.190000	1.070332	1.092793	-0.178563	-0.187810
9.200000	1.081260	1.049979	-0.180620	-0.180847
9.210000	1.091760	1.006729	-0.182609	-0.173795
9.220000	1.101827	0.963058	-0.184529	-0.166655
9.230000	1.111457	0.918985	-0.186380	-0.159428
9.240000	1.120647	0.874527	-0.188160	-0.152123
9.250000	1.129393	0.829701	-0.189868	-0.144740
9.260000	1.137690	0.784525	-0.191503	-0.137281
9.270000	1.145535	0.739018	-0.193066	-0.129745
9.280000	1.152925	0.693196	-0.194554	-0.122142
9.290000	1.159857	0.647079	-0.195968	-0.114472
9.300000	1.166328	0.600685	-0.197306	-0.106739
9.309999	1.172335	0.554032	-0.198567	-0.098940
9.320000	1.177875	0.507139	-0.199752	-0.091086
9.330000	1.182946	0.460024	-0.200858	-0.083178
9.340000	1.187547	0.412706	-0.201887	-0.075217
9.349999	1.191674	0.365204	-0.202837	-0.067204
9.360000	1.195326	0.317537	-0.203707	-0.059148
9.370000	1.198501	0.269724	-0.204497	-0.051050
9.380000	1.201198	0.221784	-0.205206	-0.042912
9.389999	1.203416	0.173736	-0.205834	-0.034734
9.400000	1.205154	0.125599	-0.206381	-0.026527
9.410000	1.206410	0.077393	-0.206846	-0.018289
9.420000	1.207184	0.029137	-0.207229	-0.010026
9.429999	1.207475	-0.019150	-0.207529	-0.001735
9.440000	1.207283	-0.067449	-0.207747	0.006572
9.450000	1.206609	-0.115741	-0.207881	0.014896
9.460000	1.205452	-0.164005	-0.207932	0.023233
9.469999	1.203812	-0.212223	-0.207899	0.031584
9.480000	1.201689	-0.260376	-0.207782	0.039938
9.490000	1.199085	-0.308443	-0.207581	0.048295
9.500000	1.196001	-0.356407	-0.207296	0.056652
9.510000	1.192437	-0.404247	-0.206927	0.065006
9.520000	1.188394	-0.451944	-0.206474	0.073356
9.530000	1.183875	-0.499480	-0.205937	0.081693
9.540000	1.178880	-0.546835	-0.205315	0.090015
9.550000	1.173412	-0.593990	-0.204609	0.098321
9.559999	1.167472	-0.640927	-0.203819	0.106610
9.570000	1.161063	-0.687625	-0.202946	0.114871
9.580000	1.154186	-0.734068	-0.201988	0.123105
9.590000	1.146846	-0.780235	-0.200947	0.131309
9.599999	1.139043	-0.826109	-0.199823	0.139482
9.610000	1.130782	-0.871671	-0.198615	0.147613
9.620000	1.122066	-0.916902	-0.197325	0.155704
9.630000	1.112897	-0.961785	-0.195953	0.163751
9.639999	1.103279	-1.006301	-0.194498	0.171754
9.650000	1.093216	-1.050432	-0.192962	0.179702
9.660000	1.082711	-1.094160	-0.191344	0.187597
9.670000	1.071770	-1.137469	-0.189646	0.195433
9.679999	1.060395	-1.180340	-0.187867	0.203212
9.690000	1.048592	-1.222755	-0.186009	0.210924
9.700000	1.036364	-1.264699	-0.184072	0.218568
9.710000	1.023717	-1.306154	-0.182056	0.226142
9.719999	1.010656	-1.347102	-0.179961	0.233645
9.730000	0.997185	-1.387529	-0.177790	0.241067
9.740000	0.983309	-1.427416	-0.175543	0.248410
9.750000	0.969035	-1.466748	-0.173220	0.255669
9.760000	0.954368	-1.505510	-0.170822	0.262841
9.770000	0.939312	-1.543684	-0.168348	0.269927
9.780000	0.923876	-1.581257	-0.165803	0.276917
9.790000	0.908063	-1.618212	-0.163185	0.283811
9.800000	0.891881	-1.654534	-0.160495	0.290607
9.809999	0.875336	-1.690210	-0.157733	0.297303
9.820000	0.858433	-1.725223	-0.154903	0.303893
9.830000	0.841181	-1.759560	-0.152004	0.310374
9.840000	0.823586	-1.793208	-0.149038	0.316745
9.849999	0.805654	-1.826151	-0.146003	0.323006
9.860000	0.787392	-1.858377	-0.142904	0.329148
9.870000	0.768808	-1.889873	-0.139741	0.335171
9.880000	0.749910	-1.920625	-0.136515	0.341073
9.889999	0.730703	-1.950622	-0.133224	0.346852
9.900000	0.711197	-1.979850	-0.129875	0.352503
9.910000	0.691399	-2.008298	-0.126465	0.358025
9.920000	0.671316	-2.035954	-0.122997	0.363414
9.929999	0.650956	-2.062806	-0.119470	0.368672
9.940000	0.630328	-2.088844	-0.115889	0.373790
9.950000	0.609440	-2.114058	-0.112254	0.378770
9.960000	0.588299	-2.138435	-0.108565	0.383608
9.969999	0.566915	-2.161967	-0.104822	0.388304
9.980000	0.545295	-2.184644	-0.101031	0.392852
9.990000	0.523449	-2.206455	-0.097190	0.397253
10.000000	0.501384	-2.227393	-0.093302	0.401503
10.010000	0.479110	-2.247449	-0.089368	0.405601
10.020000	0.456636	-2.266613	-0.085387	0.409546
10.030000	0.433970	-2.284878	-0.081365	0.413334
10.040000	0.411121	-2.302237	-0.077302	0.416963
10.050000	0.388098	-2.318682	-0.073198	0.420433
10.059999	0.364912	-2.334206	-0.069054	0.423742
10.070000	0.341569	-2.348803	-0.064875	0.426887
10.080000	0.318081	-2.362465	-0.060660	0.429867
10.090000	0.294457	-2.375189	-0.056412	0.432680
10.099999	0.270705	-2.386967	-0.052130	0.435326
10.110000	0.246835	-2.397795	-0.047820	0.437802
10.120000	0.222857	-2.407669	-0.043481	0.440108
10.130000	0.198781	-2.416583	-0.039115	0.442241
10.139999	0.174615	-2.424534	-0.034722	0.444201
10.150000	0.150369	-2.431519	-0.030307	0.445986
10.160000	0.126054	-2.437533	-0.025870	0.447596
10.170000	0.101679	-2.442575	-0.021413	0.449028
10.179999	0.077253	-2.446643	-0.016936	0.450284
10.190000	0.052787	-2.449733	-0.012445	0.451361
10.200000	0.028289	-2.451844	-0.007938	0.452258
10.210000	0.003771	-2.452976	-0.003419	0.452976
10.219999	-0.020759	-2.453127	0.001114	0.453513
10.229999	-0.045290	-2.452296	0.005654	0.453868
10.240000	-0.069813	-2.450485	0.010201	0.454042
10.250000	-0.094318	-2.447692	0.014754	0.454033
10.260000	-0.118795	-2.443919	0.019311	0.453841
10.270000	-0.143234	-2.439168	0.023872	0.453466
10.280000	-0.167626	-2.433438	0.028432	0.452908
10.290000	-0.191960	-2.426733	0.032990	0.452167
10.300000	-0.216227	-2.419055	0.037544	0.451242
10.309999	-0.240418	-2.410406	0.042095	0.450132
10.320000	-0.264522	-2.400789	0.046637	0.448840
10.330000	-0.288530	-2.390208	0.051170	0.447365
10.340000	-0.312432	-2.378667	0.055691	0.445706
10.349999	-0.336219	-2.366170	0.060203	0.443864
10.360000	-0.359880	-2.352721	0.064697	0.441840
10.370000	-0.383408	-2.338326	0.069176	0.439634
10.380000	-0.406791	-2.322990	0.073636	0.437246
10.389999	-0.430021	-2.306718	0.078077	0.434676
10.400000	-0.453088	-2.289517	0.082495	0.431926
10.410000	-0.475983	-2.271394	0.086890	0.428997
10.420000	-0.498697	-2.252354	0.091258	0.425890
10.429999	-0.521221	-2.232407	0.095601	0.422602
10.440000	-0.543545	-2.211558	0.099913	0.419140
10.450000	-0.565660	-2.189816	0.104194	0.415501
10.460000	-0.587558	-2.167190	0.108442	0.411687
10.469999	-0.609230	-2.143687	0.112657	0.407698
10.479999	-0.630667	-2.119318	0.116834	0.403538
10.490000	-0.651860	-2.094091	0.120973	0.399207
10.500000	-0.672801	-2.068017	0.125072	0.394706
10.510000	-0.693481	-2.041105	0.129129	0.390037
10.520000	-0.713892	-2.013366	0.133145	0.385198
10.530000	-0.734026	-1.984810	0.137114	0.380197
10.540000	-0.753874	-1.955449	0.141036	0.375033
10.550000	-0.773429	-1.925294	0.144909	0.369706
10.559999	-0.792682	-1.894357	0.148734	0.364217
10.570000	-0.811625	-1.862650	0.152506	0.358573
10.580000	-0.830252	-1.830185	0.156224	0.352772
10.590000	-0.848554	-1.796975	0.159887	0.346818
10.599999	-0.866523	-1.763032	0.163495	0.340708
10.610000	-0.884154	-1.728371	0.167043	0.334452
10.620000	-0.901437	-1.693005	0.170532	0.328048
10.630000	-0.918367	-1.656948	0.173959	0.321498
10.639999	-0.934937	-1.620213	0.177325	0.314803
10.650000	-0.951139	-1.582816	0.180625	0.307969
10.660000	-0.966967	-1.544770	0.183860	0.300998
10.670000	-0.982415	-1.506091	0.187027	0.293891
10.679999	-0.997476	-1.466795	0.190126	0.286648
10.690000	-1.012144	-1.426896	0.193155	0.279278
10.700000	-1.026413	-1.386410	0.196112	0.271779
10.710000	-1.040277	-1.345354	0.198996	0.264156
10.719999	-1.053730	-1.303743	0.201807	0.256408
10.729999	-1.066768	-1.261593	0.204542	0.248544
10.740000	-1.079384	-1.218923	0.207201	0.240563
10.750000	-1.091573	-1.175747	0.209781	0.232469
10.760000	-1.103330	-1.132084	0.212283	0.224265
10.770000	-1.114651	-1.087951	0.214705	0.215950
10.780000	-1.125531	-1.043365	0.217045	0.207535
10.790000	-1.135965	-0.998344	0.219302	0.199019
10.800000	-1.145948	-0.952905	0.221476	0.190405
10.809999	-1.155477	-0.907067	0.223566	0.181693
10.820000	-1.164548	-0.860848	0.225570	0.172894
10.830000	-1.173156	-0.814266	0.227487	0.164007
10.840000	-1.181299	-0.767340	0.229316	0.155036
10.849999	-1.188972	-0.720088	0.231058	0.145981
10.860000	-1.196173	-0.672529	0.232709	0.136852
10.870000	-1.202898	-0.624682	0.234271	0.127649
10.880000	-1.209145	-0.576566	0.235741	0.118375
10.889999	-1.214911	-0.528201	0.237120	0.109032
10.900000	-1.220193	-0.479604	0.238406	0.099629
10.910000	-1.224989	-0.430796	0.239599	0.090167
10.920000	-1.229297	-0.381797	0.240698	0.080650
10.929999	-1.233115	-0.332625	0.241703	0.071077
10.940000	-1.236441	-0.283300	0.242612	0.061459
10.950000	-1.239274	-0.233843	0.243425	0.051797
10.960000	-1.241612	-0.184272	0.244142	0.042095
10.969999	-1.243455	-0.134607	0.244763	0.032352
10.979999	-1.244801	-0.084869	0.245286	0.022580
10.990000	-1.245650	-0.035077	0.245712	0.012780
11.000000	-1.246001	0.014749	0.246040	0.002954
11.010000	-1.245853	0.064589	0.246269	-0.006893
11.020000	-1.245207	0.114423	0.246400	-0.016761
11.030000	-1.244063	0.164231	0.246432	-0.026638
11.040000	-1.242421	0.213994	0.246365	-0.036525
11.050000	-1.240281	0.263691	0.246199	-0.046417
11.059999	-1.237644	0.313302	0.245934	-0.056314
11.070000	-1.234511	0.362808	0.245569	-0.066204
11.080000	-1.230883	0.412188	0.245104	-0.076088
11.090000	-1.226761	0.461423	0.244540	-0.085961
11.099999	-1.222147	0.510494	0.243877	-0.095823
11.110000	-1.217042	0.559380	0.243114	-0.105663
11.120000	-1.211448	0.608061	0.242252	-0.115480
11.130000	-1.205367	0.656519	0.241291	-0.125270
11.139999	-1.198802	0.704734	0.240230	-0.135033
11.150000	-1.191755	0.752686	0.239071	-0.144758
11.160000	-1.184228	0.800356	0.237814	-0.154445
11.170000	-1.176224	0.847725	0.236458	-0.164088
11.179999	-1.167747	0.894774	0.235005	-0.173688
11.190000	-1.158799	0.941484	0.233454	-0.183234
11.200000	-1.149385	0.987836	0.231806	-0.192726
11.210000	-1.139506	1.033812	0.230062	-0.202159
11.219999	-1.129168	1.079392	0.228221	-0.211532
11.229999	-1.118374	1.124559	0.226286	-0.220836
11.240000	-1.107129	1.169294	0.224256	-0.230070
11.250000	-1.095436	1.213579	0.222131	-0.239230
11.259999	-1.083300	1.257396	0.219912	-0.248314
11.270000	-1.070726	1.300728	0.217601	-0.257314
11.280000	-1.057719	1.343557	0.215198	-0.266229
11.290000	-1.044283	1.385866	0.212704	-0.275053
11.300000	-1.030424	1.427637	0.210119	-0.283785
11.309999	-1.016148	1.468854	0.207444	-0.292423
11.320000	-1.001460	1.509500	0.204681	-0.300958
11.330000	-0.986365	1.549559	0.201830	-0.309388
11.340000	-0.970869	1.589013	0.198893	-0.317711
11.349999	-0.954979	1.627848	0.195868	-0.325925
11.360000	-0.938700	1.666047	0.192760	-0.334021
11.370000	-0.922040	1.703595	0.189568	-0.342000
11.380000	-0.905004	1.740477	0.186294	-0.349856
11.389999	-0.887599	1.776677	0.182938	-0.357590
11.400000	-0.869832	1.812181	0.179502	-0.365192
11.410000	-0.851711	1.846974	0.175987	-0.372663
11.420000	-0.833241	1.881043	0.172395	-0.379999
11.429999	-0.814430	1.914372	0.168725	-0.387198
11.440000	-0.795287	1.946949	0.164982	-0.394254
11.450000	-0.775817	1.978761	0.161165	-0.401165
11.460000	-0.756030	2.009794	0.157275	-0.407928
11.469999	-0.735932	2.040035	0.153314	-0.414543
11.479999	-0.715531	2.069472	0.149284	-0.421001
11.490000	-0.694837	2.098093	0.145186	-0.427303
11.500000	-0.673856	2.125887	0.141023	-0.433446
11.509999	-0.652597	2.152841	0.136792	-0.439428
11.520000	-0.631068	2.178945	0.132500	-0.445244
11.530000	-0.609279	2.204188	0.128147	-0.450891
11.540000	-0.587237	2.228559	0.123734	-0.456369
11.550000	-0.564951	2.252048	0.119262	-0.461673
11.559999	-0.542431	2.274646	0.114732	-0.466804
11.570000	-0.519684	2.296344	0.110148	-0.471756
11.580000	-0.496721	2.317131	0.105512	-0.476527
11.590000	-0.473550	2.337000	0.100824	-0.481117
11.599999	-0.450180	2.355942	0.096085	-0.485523
11.610000	-0.426620	2.373949	0.091300	-0.489741
11.620000	-0.402881	2.391014	0.086469	-0.493770
11.630000	-0.378971	2.407129	0.081593	-0.497609
11.639999	-0.354899	2.422288	0.076674	-0.501256
11.650000	-0.330677	2.436484	0.071716	-0.504708
11.660000	-0.306312	2.449711	0.066720	-0.507963
11.670000	-0.281815	2.461963	0.061688	-0.511021
11.679999	-0.257195	2.473236	0.056619	-0.513880
11.690000	-0.232463	2.483524	0.051519	-0.516537
11.700000	-0.207627	2.492822	0.046389	-0.518991
11.710000	-0.182699	2.501127	0.041230	-0.521242
11.719999	-0.157688	2.508435	0.036044	-0.523288
11.729999	-0.132603	2.514743	0.030834	-0.525127
11.740000	-0.107456	2.520047	0.025602	-0.526758
11.750000	-0.082256	2.524345	0.020350	-0.528181
11.759999	-0.057012	2.527636	0.015078	-0.529395
11.770000	-0.031736	2.529916	0.009792	-0.530398
11.780000	-0.006437	2.531185	0.004491	-0.531189
11.790000	0.018875	2.531443	-0.000821	-0.531769
11.800000	0.044190	2.530688	-0.006143	-0.532136
11.809999	0.069497	2.528920	-0.011475	-0.532290
11.820000	0.094786	2.526140	-0.016810	-0.532230
11.830000	0.120047	2.522349	-0.022149	-0.531956
11.840000	0.145271	2.517547	-0.027489	-0.531468
11.849999	0.170446	2.511736	-0.032830	-0.530765
11.860000	0.195563	2.504918	-0.038166	-0.529848
11.870000	0.220613	2.497096	-0.043497	-0.528716
11.880000	0.245584	2.488271	-0.048821	-0.527369
11.889999	0.270466	2.478448	-0.054136	-0.525807
11.900000	0.295251	2.467629	-0.059439	-0.524032
11.910000	0.319927	2.455819	-0.064727	-0.522043
11.920000	0.344485	2.443022	-0.069999	-0.519840
11.929999	0.368915	2.429243	-0.075255	-0.517423
11.940000	0.393208	2.414486	-0.080489	-0.514795
11.950000	0.417353	2.398758	-0.085700	-0.511954
11.960000	0.441340	2.382064	-0.090887	-0.508903
11.969999	0.465161	2.364410	-0.096049	-0.505640
11.979999	0.488805	2.345804	-0.101180	-0.502169
11.990000	0.512263	2.326251	-0.106280	-0.498490
12.000000	0.535526	2.305761	-0.111347	-0.494604
12.009999	0.558583	2.284340	-0.116380	-0.490510
12.020000	0.581427	2.261997	-0.121374	-0.486213
12.030000	0.604047	2.238739	-0.126329	-0.481712
12.040000	0.626434	2.214578	-0.131243	-0.477010
12.050000	0.648580	2.189520	-0.136112	-0.472107
12.059999	0.670475	2.163577	-0.140938	-0.467003
12.070000	0.692111	2.136758	-0.145715	-0.461704
12.080000	0.713478	2.109074	-0.150442	-0.456209
12.090000	0.734569	2.080534	-0.155117	-0.450521
12.099999	0.755374	2.051152	-0.159741	-0.444639
12.110000	0.775886	2.020937	-0.164307	-0.438570
12.120000	0.796095	1.989901	-0.168816	-0.432313
12.130000	0.815994	1.958058	-0.173265	-0.425870
12.139999	0.835575	1.925418	-0.177654	-0.419243
12.150000	0.854829	1.891995	-0.181979	-0.412437
12.160000	0.873749	1.857802	-0.186239	-0.405452
12.170000	0.892327	1.822852	-0.190431	-0.398292
12.179999	0.910555	1.787159	-0.194557	-0.390956
12.190000	0.928427	1.750736	-0.198610	-0.383451
12.200000	0.945934	1.713599	-0.202591	-0.375779
12.210000	0.963070	1.675762	-0.206498	-0.367942
12.219999	0.979828	1.637239	-0.210331	-0.359939
12.229999	0.996200	1.598046	-0.214084	-0.351780
12.240000	1.012181	1.558198	-0.217759	-0.343465
12.250000	1.027763	1.517711	-0.221353	-0.334996
12.259999	1.042940	1.476600	-0.224866	-0.326374
12.270000	1.057706	1.434883	-0.228294	-0.317608
12.280000	1.072055	1.392575	-0.231637	-0.308698
12.290000	1.085981	1.349692	-0.234892	-0.299648
12.300000	1.099477	1.306253	-0.238059	-0.290461
12.309999	1.112540	1.262274	-0.241137	-0.281137
12.320000	1.125163	1.217772	-0.244123	-0.271686
12.330000	1.137340	1.172766	-0.247017	-0.262108
12.340000	1.149068	1.127272	-0.249816	-0.252409
12.349999	1.160341	1.081310	-0.252522	-0.242586
12.360000	1.171154	1.034896	-0.255129	-0.232651
12.370000	1.181503	0.988050	-0.257639	-0.222605
12.380000	1.191383	0.940790	-0.260051	-0.212451
12.389999	1.200791	0.893134	-0.262362	-0.202189
12.400000	1.209723	0.845103	-0.264572	-0.191831
12.410000	1.218174	0.796714	-0.266680	-0.181377
12.420000	1.226141	0.747987	-0.268684	-0.170832
12.429999	1.233621	0.698941	-0.270585	-0.160194
12.440000	1.240610	0.649597	-0.272379	-0.149477
12.450000	1.247106	0.599972	-0.274068	-0.138680
12.460000	1.253106	0.550088	-0.275650	-0.127808
12.469999	1.258606	0.499964	-0.277124	-0.116861
12.479999	1.263606	0.449619	-0.278489	-0.105851
12.490000	1.268102	0.399075	-0.279745	-0.094778
12.500000	1.272093	0.348351	-0.280890	-0.083648
12.509999	1.275577	0.297467	-0.281925	-0.072459
12.520000	1.278551	0.246444	-0.282849	-0.061226
12.530000	1.281016	0.195302	-0.283660	-0.049947
12.540000	1.282969	0.144062	-0.284359	-0.038628
12.550000	1.284409	0.092743	-0.284945	-0.027273
12.559999	1.285337	0.041366	-0.285418	-0.015883
12.570000	1.285750	-0.010047	-0.285777	-0.004469
12.580000	1.285650	-0.061477	-0.286021	0.006967
12.590000	1.285035	-0.112903	-0.286152	0.018420
12.599999	1.283906	-0.164304	-0.286167	0.029891
12.610000	1.282263	-0.215661	-0.286068	0.041366
12.620000	1.280106	-0.266951	-0.285853	0.052845
12.630000	1.277437	-0.318155	-0.285523	0.064324
12.639999	1.274255	-0.369253	-0.285078	0.075801
12.650000	1.270563	-0.420223	-0.284518	0.087265
12.660000	1.266361	-0.471046	-0.283842	0.098714
12.670000	1.261650	-0.521700	-0.283052	0.110143
12.679999	1.256433	-0.572166	-0.282145	0.121553
12.690000	1.250712	-0.622423	-0.281124	0.132931
12.700000	1.244487	-0.672452	-0.279989	0.144276
12.710000	1.237763	-0.722231	-0.278739	0.155583
12.719999	1.230541	-0.771742	-0.277374	0.166851
12.729999	1.222823	-0.820964	-0.275896	0.178068
12.740000	1.214614	-0.869876	-0.274304	0.189234
12.750000	1.205915	-0.918461	-0.272600	0.200344
12.759999	1.196730	-0.966698	-0.270782	0.211397
12.770000	1.187063	-1.014567	-0.268853	0.222381
12.780000	1.176918	-1.062049	-0.266812	0.233295
12.790000	1.166297	-1.109126	-0.264661	0.244135
12.799999	1.155206	-1.155778	-0.262399	0.254899
12.809999	1.143648	-1.201986	-0.260028	0.265577
12.820000	1.131628	-1.247732	-0.257548	0.276167
12.830000	1.119151	-1.292997	-0.254961	0.286665
12.840000	1.106221	-1.337763	-0.252267	0.297066
12.849999	1.092843	-1.382012	-0.249466	0.307370
12.860000	1.079023	-1.425726	-0.246560	0.317564
12.870000	1.064766	-1.468887	-0.243550	0.327650
12.880000	1.050077	-1.511477	-0.240438	0.337622
12.889999	1.034962	-1.553480	-0.237222	0.347478
12.900000	1.019427	-1.594879	-0.233906	0.357210
12.910000	1.003479	-1.635656	-0.230490	0.366815
12.920000	0.987122	-1.675795	-0.226976	0.376290
12.929999	0.970364	-1.715280	-0.223364	0.385633
12.940000	0.953211	-1.754094	-0.219656	0.394835
12.950000	0.935670	-1.792223	-0.215854	0.403894
12.960000	0.917748	-1.829650	-0.211958	0.412807
12.969999	0.899452	-1.866360	-0.207969	0.421573
12.979999	0.880788	-1.902338	-0.203891	0.430182
12.990000	0.861765	-1.937569	-0.199724	0.438633
13.000000	0.842389	-1.972040	-0.195470	0.446923
13.009999	0.822669	-2.005735	-0.191128	0.455050
13.020000	0.802611	-2.038642	-0.186703	0.463007
13.030000	0.782225	-2.070747	-0.182195	0.470791
13.040000	0.761517	-2.102036	-0.177607	0.478400
13.049999	0.740497	-2.132496	-0.172937	0.485832
13.059999	0.719172	-2.162116	-0.168192	0.493080
13.070000	0.697551	-2.190883	-0.163370	0.500142
13.080000	0.675642	-2.218785	-0.158475	0.507016
13.090000	0.653454	-2.245811	-0.153508	0.513699
13.099999	0.630996	-2.271949	-0.148468	0.520188
13.110000	0.608277	-2.297189	-0.143362	0.526478
13.120000	0.585305	-2.321520	-0.138189	0.532567
13.130000	0.562090	-2.344932	-0.132952	0.538454
13.139999	0.538640	-2.367416	-0.127651	0.544135
13.150000	0.514966	-2.388962	-0.122291	0.549607
13.160000	0.491077	-2.409560	-0.116873	0.554867
13.170000	0.466981	-2.429203	-0.111398	0.559914
13.179999	0.442689	-2.447882	-0.105868	0.564745
13.190000	0.418210	-2.465590	-0.100287	0.569357
13.200000	0.393554	-2.482318	-0.094656	0.573748
13.210000	0.368731	-2.498060	-0.088977	0.577917
13.219999	0.343750	-2.512810	-0.083252	0.581861
13.229999	0.318622	-2.526560	-0.077484	0.585578
13.240000	0.293357	-2.539305	-0.071676	0.589066
13.250000	0.267964	-2.551039	-0.065829	0.592324
13.259999	0.242453	-2.561758	-0.059943	0.595350
13.270000	0.216836	-2.571456	-0.054025	0.598141
13.280000	0.191121	-2.580129	-0.048075	0.600697
13.290000	0.165320	-2.587774	-0.042096	0.603016
13.299999	0.139442	-2.594387	-0.036088	0.605098
13.309999	0.113498	-2.599965	-0.030057	0.606939
13.320000	0.087499	-2.604505	-0.024003	0.608540
13.330000	0.061454	-2.608005	-0.017930	0.609900
13.340000	0.035374	-2.610463	-0.011839	0.611017
13.349999	0.009269	-2.611878	-0.005730	0.611890
13.360000	-0.016850	-2.612248	0.000389	0.612519
13.370000	-0.042972	-2.611574	0.006518	0.612904
13.380000	-0.069088	-2.609855	0.012655	0.613043
13.389999	-0.095187	-2.607092	0.018800	0.612935
13.400000	-0.121258	-2.603284	0.024945	0.612582
13.410000	-0.147290	-2.598434	0.031091	0.611982
13.420000	-0.173275	-2.592542	0.037235	0.611136
13.429999	-0.199200	-2.585611	0.043376	0.610042
13.440000	-0.225056	-2.577643	0.049509	0.608701
13.450000	-0.250833	-2.568641	0.055632	0.607115
13.460000	-0.276519	-2.558608	0.061743	0.605281
13.469999	-0.302105	-2.547547	0.067842	0.603201
13.479999	-0.327581	-2.535463	0.073921	0.600876
13.490000	-0.352935	-2.522360	0.079982	0.598305
13.500000	-0.378159	-2.508242	0.086020	0.595490
13.509999	-0.403241	-2.493116	0.092036	0.592430
13.520000	-0.428172	-2.476986	0.098023	0.589128
13.530000	-0.452942	-2.459859	0.103982	0.585584
13.540000	-0.477541	-2.441741	0.109908	0.581800
13.549999	-0.501958	-2.422640	0.115802	0.577773
13.559999	-0.526185	-2.402561	0.121658	0.573509
13.570000	-0.550210	-2.381514	0.127475	0.569008
13.580000	-0.574025	-2.359506	0.133250	0.564271
13.590000	-0.597620	-2.336545	0.138982	0.559299
13.599999	-0.620986	-2.312640	0.144669	0.554093
13.610000	-0.644112	-2.287801	0.150306	0.548657
13.620000	-0.666990	-2.262036	0.155892	0.542992
13.630000	-0.689611	-2.235357	0.161425	0.537099
13.639999	-0.711964	-2.207772	0.166904	0.530979
13.650000	-0.734042	-2.179294	0.172323	0.524637
13.660000	-0.755835	-2.149932	0.177683	0.518074
13.670000	-0.777334	-2.119699	0.182980	0.511292
13.679999	-0.798531	-2.088605	0.188214	0.504291
13.690000	-0.819417	-2.056664	0.193380	0.497079
13.700000	-0.839984	-2.023887	0.198476	0.489654
13.710000	-0.860223	-1.990288	0.203502	0.482021
13.719999	-0.880126	-1.955879	0.208455	0.474179
13.729999	-0.899685	-1.920674	0.213332	0.466136
13.740000	-0.918891	-1.884687	0.218131	0.457892
13.750000	-0.937738	-1.847931	0.222851	0.449451
13.759999	-0.956217	-1.810421	0.227491	0.440813
13.770000	-0.974322	-1.772173	0.232045	0.431986
13.780000	-0.992043	-1.733200	0.236514	0.422970
13.790000	-1.009375	-1.693518	0.240895	0.413771
13.799999	-1.026311	-1.653143	0.245189	0.404386
13.809999	-1.042842	-1.612091	0.249389	0.394827
13.820000	-1.058963	-1.570377	0.253497	0.385094
13.830000	-1.074667	-1.528018	0.257509	0.375189
13.840000	-1.089947	-1.485032	0.261425	0.365119
13.849999	-1.104797	-1.441434	0.265243	0.354881
13.860000	-1.119211	-1.397242	0.268960	0.344487
13.870000	-1.133184	-1.352474	0.272576	0.333938
13.880000	-1.146709	-1.307146	0.276088	0.323237
13.889999	-1.159780	-1.261278	0.279496	0.312385
13.900000	-1.172393	-1.214887	0.282796	0.301393
13.910000	-1.184542	-1.167991	0.285988	0.290263
13.920000	-1.196222	-1.120609	0.289071	0.278997
13.929999	-1.207428	-1.072761	0.292044	0.267598
13.940000	-1.218155	-1.024463	0.294903	0.256075
13.950000	-1.228400	-0.975737	0.297649	0.244431
13.960000	-1.238157	-0.926601	0.300280	0.232670
13.969999	-1.247423	-0.877075	0.302795	0.220792
13.979999	-1.256194	-0.827178	0.305192	0.208810
13.990000	-1.264466	-0.776930	0.307470	0.196725
14.000000	-1.272235	-0.726352	0.309629	0.184540
14.009999	-1.279499	-0.675462	0.311668	0.172258
14.020000	-1.286253	-0.624282	0.313584	0.159890
14.030000	-1.292496	-0.572832	0.315378	0.147438
14.040000	-1.298225	-0.521132	0.317048	0.134906
14.049999	-1.303436	-0.469203	0.318594	0.122296
14.059999	-1.308128	-0.417066	0.320014	0.109620
14.070000	-1.312299	-0.364741	0.321308	0.096879
14.080000	-1.315946	-0.312249	0.322475	0.084078
14.090000	-1.319069	-0.259611	0.323515	0.071224
14.099999	-1.321665	-0.206848	0.324426	0.058315
14.110000	-1.323733	-0.153981	0.325209	0.045366
14.120000	-1.325273	-0.101032	0.325863	0.032377
14.130000	-1.326283	-0.048021	0.326386	0.019355
14.139999	-1.326764	0.005030	0.326780	0.006300
14.150000	-1.326713	0.058101	0.327043	-0.006776
14.160000	-1.326132	0.111169	0.327175	-0.019870
14.170000	-1.325021	0.164215	0.327176	-0.032976
14.179999	-1.323378	0.217215	0.327045	-0.046095
14.190000	-1.321206	0.270150	0.326784	-0.059213
14.200000	-1.318505	0.322999	0.326390	-0.072328
14.210000	-1.315275	0.375739	0.325865	-0.085436
14.219999	-1.311517	0.428350	0.325209	-0.098534
14.229999	-1.307234	0.480811	0.324420	-0.111610
14.240000	-1.302426	0.533100	0.323501	-0.124662
14.250000	-1.297095	0.585197	0.322450	-0.137686
14.259999	-1.291243	0.637081	0.321267	-0.150679
14.270000	-1.284872	0.688730	0.319954	-0.163628
14.280000	-1.277985	0.740125	0.318510	-0.176533
14.290000	-1.270584	0.791245	0.316937	-0.189388
14.299999	-1.262671	0.842068	0.315233	-0.202191
14.309999	-1.254250	0.892575	0.313400	-0.214930
14.320000	-1.245325	0.942745	0.311439	-0.227603
14.330000	-1.235897	0.992558	0.309349	-0.240205
14.340000	-1.225972	1.041994	0.307132	-0.252731
14.349999	-1.215552	1.091033	0.304787	-0.265180
14.360000	-1.204641	1.139655	0.302317	-0.277538
14.370000	-1.193245	1.187840	0.299722	-0.289805
14.380000	-1.181366	1.235570	0.297002	-0.301975
14.389999	-1.169011	1.282825	0.294158	-0.314046
14.400000	-1.156183	1.329585	0.291192	-0.326008
14.410000	-1.142887	1.375833	0.288105	-0.337858
14.420000	-1.129128	1.421548	0.284897	-0.349591
14.429999	-1.114913	1.466713	0.281568	-0.361206
14.440000	-1.100246	1.511310	0.278122	-0.372691
14.450000	-1.085133	1.555320	0.274559	-0.384046
14.460000	-1.069579	1.598725	0.270880	-0.395264
14.469999	-1.053592	1.641508	0.267086	-0.406344
14.479999	-1.037177	1.683652	0.263179	-0.417276
14.490000	-1.020340	1.725139	0.259160	-0.428057
14.500000	-1.003089	1.765952	0.255032	-0.438685
14.509999	-0.985430	1.806076	0.250792	-0.449155
14.520000	-0.967369	1.845493	0.246447	-0.459460
14.530000	-0.948914	1.884188	0.241996	-0.469596
14.540000	-0.930072	1.922144	0.237441	-0.479560
14.549999	-0.910851	1.959347	0.232782	-0.489350
14.559999	-0.891257	1.995781	0.228023	-0.498956
14.570000	-0.871299	2.031432	0.223166	-0.508378
14.580000	-0.850985	2.066284	0.218211	-0.517611
14.589999	-0.830322	2.100323	0.213159	-0.526652
14.599999	-0.809319	2.133536	0.208015	-0.535495
14.610000	-0.787983	2.165909	0.202780	-0.544136
14.620000	-0.766324	2.197428	0.197455	-0.552572
14.630000	-0.744350	2.228081	0.192042	-0.560801
14.639999	-0.722069	2.257855	0.186543	-0.568819
14.650000	-0.699491	2.286738	0.180961	-0.576619
14.660000	-0.676623	2.314718	0.175297	-0.584201
14.670000	-0.653476	2.341783	0.169555	-0.591559
14.679999	-0.630058	2.367922	0.163734	-0.598694
14.690000	-0.606379	2.393124	0.157839	-0.605598
14.700000	-0.582448	2.417379	0.151872	-0.612270
14.710000	-0.558274	2.440677	0.145835	-0.618707
14.719999	-0.533867	2.463008	0.139728	-0.624907
14.729999	-0.509237	2.484363	0.133557	-0.630865
14.740000	-0.484394	2.504732	0.127322	-0.636578
14.750000	-0.459346	2.524108	0.121027	-0.642045
14.759999	-0.434105	2.542482	0.114672	-0.647265
14.770000	-0.408680	2.559846	0.108262	-0.652231
14.780000	-0.383082	2.576194	0.101799	-0.656944
14.790000	-0.357320	2.591517	0.095285	-0.661400
14.799999	-0.331405	2.605809	0.088721	-0.665599
14.809999	-0.305347	2.619066	0.082112	-0.669536
14.820000	-0.279156	2.631280	0.075461	-0.673211
14.830000	-0.252843	2.642446	0.068769	-0.676622
14.839999	-0.226419	2.652560	0.062036	-0.679766
14.849999	-0.199893	2.661617	0.055271	-0.682643
14.860000	-0.173277	2.669612	0.048473	-0.685250
14.870000	-0.146581	2.676543	0.041644	-0.687586
14.880000	-0.119815	2.682407	0.034788	-0.689649
14.889999	-0.092991	2.687199	0.027906	-0.691440
14.900000	-0.066119	2.690919	0.021004	-0.692955
14.910000	-0.039210	2.693564	0.014082	-0.694195
14.920000	-0.012275	2.695132	0.007145	-0.695158
14.929999	0.014677	2.695623	0.000191	-0.695844
14.940000	0.041633	2.695036	-0.006771	-0.696252
14.950000	0.068583	2.693371	-0.013741	-0.696380
14.960000	0.095517	2.690627	-0.020717	-0.696230
14.969999	0.122423	2.686807	-0.027697	-0.695800
14.979999	0.149291	2.681910	-0.034675	-0.695090
14.990000	0.176110	2.675938	-0.041650	-0.694100
Solution of SHM
Step Size = .0100 Euler Method
Time	y	v	Δy	Δv
