Solution of SHM
Step Size = .0300 Euler Method
0.000000	1.000000	0.000000	0.000000	-0.000000
0.030000	1.000000	-0.120000	-0.001799	0.000072
0.060000	0.996400	-0.240000	-0.003591	0.000576
0.090000	0.989200	-0.359568	-0.005356	0.001509
0.120000	0.978413	-0.478272	-0.007075	0.002867
0.150000	0.964065	-0.595682	-0.008728	0.004641
0.180000	0.946194	-0.711369	-0.010298	0.006821
0.210000	0.924853	-0.824913	-0.011764	0.009392
0.240000	0.900106	-0.935895	-0.013111	0.012337
0.270000	0.872029	-1.043908	-0.014320	0.015636
0.300000	0.840712	-1.148551	-0.015376	0.019266
0.330000	0.806255	-1.249437	-0.016263	0.023203
0.360000	0.768772	-1.346187	-0.016966	0.027418
0.390000	0.728387	-1.438440	-0.017473	0.031881
0.420000	0.685233	-1.525846	-0.017771	0.036560
0.450000	0.639458	-1.608074	-0.017848	0.041421
0.480000	0.591216	-1.684809	-0.017696	0.046426
0.510000	0.540672	-1.755755	-0.017306	0.051539
0.540000	0.487999	-1.820636	-0.016671	0.056720
0.570000	0.433380	-1.879196	-0.015785	0.061929
0.600000	0.377004	-1.931201	-0.014646	0.067123
0.630000	0.319068	-1.976442	-0.013251	0.072261
0.660000	0.259775	-2.014730	-0.011599	0.077300
0.690000	0.199333	-2.045903	-0.009692	0.082196
0.720000	0.137956	-2.069823	-0.007532	0.086906
0.750000	0.075861	-2.086377	-0.005124	0.091387
0.780000	0.013270	-2.095481	-0.002474	0.095597
0.810000	-0.049595	-2.097073	0.000411	0.099494
0.840000	-0.112507	-2.091122	0.003520	0.103035
0.870000	-0.175241	-2.077621	0.006843	0.106182
0.900000	-0.237569	-2.056592	0.010367	0.108897
0.930000	-0.299267	-2.028084	0.014078	0.111141
0.960000	-0.360109	-1.992172	0.017960	0.112881
0.990000	-0.419875	-1.948959	0.021996	0.114083
1.020000	-0.478343	-1.898574	0.026167	0.114716
1.050000	-0.535301	-1.841172	0.030455	0.114754
1.080000	-0.590536	-1.776936	0.034837	0.114169
1.110000	-0.643844	-1.706072	0.039291	0.112941
1.140000	-0.695026	-1.628811	0.043796	0.111049
1.170000	-0.743890	-1.545408	0.048327	0.108478
1.200000	-0.790252	-1.456141	0.052859	0.105214
1.230000	-0.833937	-1.361311	0.057366	0.101250
1.260000	-0.874776	-1.261238	0.061824	0.096577
1.290000	-0.912613	-1.156265	0.066205	0.091195
1.320000	-0.947301	-1.046752	0.070483	0.085106
1.350000	-0.978704	-0.933076	0.074631	0.078316
1.380000	-1.006696	-0.815631	0.078623	0.070833
1.410000	-1.031165	-0.694828	0.082432	0.062672
1.440000	-1.052010	-0.571088	0.086030	0.053849
1.470000	-1.069142	-0.444847	0.089393	0.044386
1.500000	-1.082488	-0.316550	0.092495	0.034310
1.530000	-1.091984	-0.186651	0.095311	0.023647
1.560000	-1.097584	-0.055613	0.097817	0.012431
1.590000	-1.099252	0.076097	0.099989	0.000699
1.620000	-1.096969	0.208007	0.101807	-0.011510
1.650000	-1.090729	0.339643	0.103249	-0.024152
1.680000	-1.080539	0.470531	0.104296	-0.037181
1.710000	-1.066424	0.600196	0.104929	-0.050547
1.740000	-1.048418	0.728166	0.105133	-0.064196
1.770000	-1.026573	0.853976	0.104893	-0.078075
1.800000	-1.000953	0.977165	0.104195	-0.092125
1.830000	-0.971639	1.097280	0.103029	-0.106285
1.860000	-0.938720	1.213876	0.101386	-0.120494
1.890000	-0.902304	1.326523	0.099258	-0.134688
1.920000	-0.862508	1.434799	0.096641	-0.148802
1.950000	-0.819464	1.538300	0.093532	-0.162768
1.980000	-0.773315	1.636636	0.089930	-0.176519
2.010000	-0.724216	1.729434	0.085838	-0.189988
2.040000	-0.672333	1.816340	0.081260	-0.203104
2.070000	-0.617843	1.897020	0.076201	-0.215801
2.100000	-0.560932	1.971161	0.070671	-0.228010
2.130000	-0.501797	2.038473	0.064682	-0.239662
2.160000	-0.440643	2.098688	0.058246	-0.250692
2.190000	-0.377683	2.151566	0.051380	-0.261034
2.220000	-0.313136	2.196887	0.044103	-0.270626
2.250000	-0.247229	2.234464	0.036433	-0.279403
2.280000	-0.180195	2.264131	0.028395	-0.287309
2.310000	-0.112271	2.285754	0.020013	-0.294284
2.340000	-0.043698	2.299227	0.011315	-0.300276
2.370000	0.025278	2.304471	0.002329	-0.305233
2.400000	0.094412	2.301437	-0.006914	-0.309108
2.430000	0.163456	2.290108	-0.016380	-0.311857
2.460000	0.232159	2.270493	-0.026036	-0.313441
2.490000	0.300274	2.242634	-0.035845	-0.313824
2.520000	0.367553	2.206601	-0.045771	-0.312974
2.550000	0.433751	2.162495	-0.055773	-0.310866
2.580000	0.498626	2.110445	-0.065813	-0.307478
2.610000	0.561939	2.050610	-0.075848	-0.302793
2.640000	0.623457	1.983177	-0.085838	-0.296802
2.670000	0.682953	1.908363	-0.095740	-0.289497
2.700000	0.740203	1.826408	-0.105510	-0.280879
2.730000	0.794996	1.737584	-0.115107	-0.270953
2.760000	0.847123	1.642184	-0.124485	-0.259731
2.790000	0.896389	1.540529	-0.133602	-0.247228
2.820000	0.942605	1.432963	-0.142415	-0.233468
2.850000	0.985593	1.319850	-0.150881	-0.218479
2.880000	1.025189	1.201579	-0.158957	-0.202295
2.910000	1.061236	1.078556	-0.166603	-0.184956
2.940000	1.093593	0.951208	-0.173777	-0.166507
2.970000	1.122129	0.819977	-0.180442	-0.147000
3.000000	1.146729	0.685321	-0.186558	-0.126490
3.030000	1.167288	0.547714	-0.192091	-0.105040
3.060000	1.183720	0.407639	-0.197005	-0.082715
3.090000	1.195949	0.265593	-0.201268	-0.059588
3.120000	1.203917	0.122079	-0.204849	-0.035735
3.150000	1.207579	-0.022391	-0.207720	-0.011236
3.180000	1.206907	-0.167300	-0.209856	0.013823
3.210000	1.201888	-0.312129	-0.211233	0.039352
3.240000	1.192524	-0.456356	-0.211830	0.065263
3.270000	1.178834	-0.599459	-0.211630	0.091457
3.300000	1.160850	-0.740919	-0.210617	0.117836
3.330000	1.138622	-0.880221	-0.208781	0.144300
3.360000	1.112216	-1.016855	-0.206112	0.170745
3.390000	1.081710	-1.150321	-0.202605	0.197066
3.420000	1.047200	-1.280127	-0.198257	0.223158
3.450000	1.008797	-1.405791	-0.193071	0.248912
3.480000	0.966623	-1.526846	-0.187051	0.274220
3.510000	0.920818	-1.642841	-0.180205	0.298976
3.540000	0.871532	-1.753339	-0.172544	0.323073
3.570000	0.818932	-1.857923	-0.164084	0.346402
3.600000	0.763195	-1.956195	-0.154843	0.368859
3.630000	0.704509	-2.047778	-0.144843	0.390340
3.660000	0.643075	-2.132319	-0.134110	0.410744
3.690000	0.579106	-2.209488	-0.122673	0.429972
3.720000	0.512821	-2.278980	-0.110563	0.447928
3.750000	0.444452	-2.340519	-0.097816	0.464519
3.780000	0.374236	-2.393853	-0.084471	0.479658
3.810000	0.302421	-2.438761	-0.070568	0.493260
3.840000	0.229258	-2.475052	-0.056152	0.505245
3.870000	0.155006	-2.502563	-0.041271	0.515541
3.900000	0.079929	-2.521163	-0.025974	0.524077
3.930000	0.004294	-2.530755	-0.010312	0.530791
3.960000	-0.071628	-2.531270	0.005658	0.535627
3.990000	-0.147566	-2.522675	0.021881	0.538534
4.020000	-0.223247	-2.504967	0.038299	0.539470
4.050000	-0.298396	-2.478177	0.054852	0.538397
4.080000	-0.372741	-2.442370	0.071477	0.535288
4.110000	-0.446012	-2.397641	0.088111	0.530121
4.140000	-0.517941	-2.344119	0.104693	0.522882
4.170000	-0.588265	-2.281966	0.121156	0.513567
4.200000	-0.656724	-2.211375	0.137435	0.502177
4.230000	-0.723065	-2.132568	0.153466	0.488723
4.260000	-0.787042	-2.045800	0.169182	0.473223
4.290000	-0.848416	-1.951355	0.184519	0.455707
4.320000	-0.906957	-1.849545	0.199412	0.436208
4.350000	-0.962443	-1.740710	0.213796	0.414772
4.380000	-1.014664	-1.625217	0.227610	0.391449
4.410000	-1.063421	-1.503457	0.240793	0.366298
4.440000	-1.108524	-1.375847	0.253282	0.339391
4.470000	-1.149800	-1.242824	0.265022	0.310799
4.500000	-1.187085	-1.104848	0.275954	0.280611
4.530000	-1.220230	-0.962398	0.286027	0.248913
4.560000	-1.249102	-0.815970	0.295188	0.215807
4.590000	-1.273581	-0.666078	0.303390	0.181395
4.620000	-1.293563	-0.513248	0.310586	0.145791
4.650000	-1.308961	-0.358021	0.316735	0.109112
4.680000	-1.319701	-0.200945	0.321799	0.071479
4.710000	-1.325730	-0.042581	0.325741	0.033026
4.740000	-1.327007	0.116506	0.328532	-0.006119
4.770000	-1.323512	0.275747	0.330143	-0.045813
4.800000	-1.315240	0.434569	0.330552	-0.085916
4.830000	-1.302203	0.592397	0.329740	-0.126280
4.860000	-1.284431	0.748662	0.327693	-0.166758
4.890000	-1.261971	0.902793	0.324401	-0.207197
4.920000	-1.234887	1.054230	0.319860	-0.247443
4.950000	-1.203260	1.202416	0.314069	-0.287345
4.980000	-1.167188	1.346807	0.307032	-0.326743
5.010000	-1.126783	1.486870	0.298759	-0.365485
5.040000	-1.082177	1.622084	0.289265	-0.403413
5.070000	-1.033515	1.751945	0.278567	-0.440376
5.100000	-0.980956	1.875967	0.266691	-0.476218
5.130000	-0.924677	1.993682	0.253664	-0.510790
5.160000	-0.864867	2.104643	0.239521	-0.543947
5.190000	-0.801728	2.208427	0.224300	-0.575543
5.220000	-0.735475	2.304634	0.208043	-0.605439
5.250000	-0.666336	2.392891	0.190799	-0.633500
5.280000	-0.594549	2.472852	0.172617	-0.659596
5.310000	-0.520364	2.544198	0.153557	-0.683603
5.340000	-0.444038	2.606641	0.133675	-0.705405
5.370000	-0.365838	2.659926	0.113037	-0.724889
5.400000	-0.286041	2.703826	0.091711	-0.741954
5.430000	-0.204926	2.738151	0.069766	-0.756503
5.460000	-0.122781	2.762742	0.047279	-0.768451
5.490000	-0.039899	2.777476	0.024325	-0.777719
5.520000	0.043425	2.782264	0.000986	-0.784237
5.550000	0.126893	2.777053	-0.022658	-0.787948
5.580000	0.210205	2.761826	-0.046519	-0.788801
5.610000	0.293060	2.736601	-0.070514	-0.786757
5.640000	0.375158	2.701434	-0.094552	-0.781788
5.670000	0.456201	2.656415	-0.118544	-0.773876
5.700000	0.535893	2.601671	-0.142403	-0.763014
5.730000	0.613943	2.537364	-0.166034	-0.749206
5.760000	0.690064	2.463691	-0.189349	-0.732467
5.790000	0.763975	2.380883	-0.212254	-0.712825
5.820000	0.835401	2.289206	-0.234662	-0.690315
5.850000	0.904077	2.188958	-0.256481	-0.664990
5.880000	0.969746	2.080468	-0.277624	-0.636908
5.910000	1.032160	1.964099	-0.298003	-0.606141
5.940000	1.091083	1.840240	-0.317532	-0.572772
5.970000	1.146290	1.709310	-0.336130	-0.536893
6.000000	1.197570	1.571755	-0.353716	-0.498609
6.030000	1.244722	1.428046	-0.370212	-0.458032
6.060000	1.287564	1.278680	-0.385544	-0.415290
6.090000	1.325924	1.124172	-0.399642	-0.370513
6.120000	1.359649	0.965061	-0.412437	-0.323846
6.150000	1.388601	0.801903	-0.423869	-0.275440
6.180000	1.412658	0.635271	-0.433877	-0.225453
6.210000	1.431716	0.465752	-0.442409	-0.174055
6.240000	1.445689	0.293946	-0.449417	-0.121419
6.270000	1.454507	0.120464	-0.454855	-0.067728
6.300000	1.458121	-0.054077	-0.458687	-0.013168
6.330000	1.456499	-0.229052	-0.460879	0.042067
6.360000	1.449627	-0.403832	-0.461405	0.097782
6.390000	1.437512	-0.577787	-0.460244	0.153771
6.420000	1.420179	-0.750289	-0.457382	0.209833
6.450000	1.397670	-0.920710	-0.452810	0.265762
6.480000	1.370049	-1.088430	-0.446526	0.321345
6.510000	1.337396	-1.252836	-0.438533	0.376376
6.540000	1.299811	-1.413324	-0.428844	0.430641
6.570000	1.257411	-1.569301	-0.417474	0.483934
6.600000	1.210332	-1.720191	-0.404448	0.536044
6.630000	1.158726	-1.865430	-0.389795	0.586767
6.660000	1.102763	-2.004478	-0.373553	0.635898
6.690000	1.042629	-2.136809	-0.355764	0.683239
6.720000	0.978525	-2.261925	-0.336476	0.728597
6.750000	0.910667	-2.379348	-0.315746	0.771779
6.780000	0.839287	-2.488628	-0.293634	0.812605
6.810000	0.764628	-2.589342	-0.270208	0.850895
6.840000	0.686948	-2.681098	-0.245539	0.886485
6.870000	0.606515	-2.763531	-0.219707	0.919210
6.900000	0.523609	-2.836313	-0.192793	0.948922
6.930000	0.438519	-2.899146	-0.164887	0.975477
6.960000	0.351545	-2.951768	-0.136081	0.998745
6.990000	0.262992	-2.993954	-0.106471	1.018604
7.020000	0.173173	-3.025513	-0.076159	1.034947
7.050000	0.082408	-3.046293	-0.045249	1.047675
7.080000	-0.008981	-3.056182	-0.013850	1.056704
7.110000	-0.100666	-3.055105	0.017929	1.061962
7.140000	-0.192319	-3.043025	0.049972	1.063391
7.170000	-0.283610	-3.019946	0.082165	1.060947
7.200000	-0.374209	-2.985913	0.114392	1.054597
7.230000	-0.463786	-2.941008	0.146531	1.044327
7.260000	-0.552016	-2.885354	0.178467	1.030133
7.290000	-0.638577	-2.819112	0.210076	1.012029
7.320000	-0.723150	-2.742483	0.241241	0.990040
7.350000	-0.805425	-2.655705	0.271840	0.964211
7.380000	-0.885096	-2.559054	0.301758	0.934595
7.410000	-0.961867	-2.452842	0.330874	0.901266
7.440000	-1.035453	-2.337418	0.359075	0.864308
7.470000	-1.105575	-2.213164	0.386248	0.823820
7.500000	-1.171970	-2.080495	0.412282	0.779919
7.530000	-1.234385	-1.939859	0.437071	0.732730
7.560000	-1.292581	-1.791732	0.460509	0.682397
7.590000	-1.346333	-1.636623	0.482498	0.629072
7.620000	-1.395431	-1.475063	0.502943	0.572924
7.650000	-1.439683	-1.307611	0.521753	0.514129
7.680000	-1.478912	-1.134849	0.538843	0.452881
7.710000	-1.512957	-0.957380	0.554133	0.389380
7.740000	-1.541678	-0.775825	0.567550	0.323836
7.770000	-1.564953	-0.590823	0.579026	0.256474
7.800000	-1.582678	-0.403029	0.588500	0.187521
7.830000	-1.594769	-0.213108	0.595919	0.117218
7.860000	-1.601162	-0.021735	0.601235	0.045807
7.890000	-1.601814	0.170404	0.604408	-0.026456
7.920000	-1.596702	0.362622	0.605406	-0.099316
7.950000	-1.585823	0.554226	0.604206	-0.172510
7.980000	-1.569196	0.744525	0.600790	-0.245771
8.010000	-1.546861	0.932828	0.595151	-0.318832
8.040000	-1.518876	1.118452	0.587287	-0.391425
8.070000	-1.485322	1.300717	0.577207	-0.463275
8.099999	-1.446301	1.478955	0.564928	-0.534113
8.130000	-1.401932	1.652511	0.550474	-0.603666
8.160000	-1.352357	1.820743	0.533877	-0.671672
8.190000	-1.297735	1.983026	0.515179	-0.737865
8.220000	-1.238244	2.138754	0.494429	-0.801981
8.250000	-1.174081	2.287343	0.471684	-0.863773
8.280000	-1.105461	2.428233	0.447009	-0.922988
8.309999	-1.032614	2.560888	0.420476	-0.979385
8.340000	-0.955787	2.684802	0.392169	-1.032731
8.370000	-0.875243	2.799496	0.362171	-1.082805
8.400000	-0.791258	2.904526	0.330579	-1.129392
8.429999	-0.704122	2.999476	0.297494	-1.172289
8.460000	-0.614138	3.083971	0.263025	-1.211305
8.490000	-0.521619	3.157668	0.227284	-1.246263
8.520000	-0.426889	3.220262	0.190390	-1.276998
8.550000	-0.330281	3.271488	0.152472	-1.303358
8.580000	-0.232136	3.311122	0.113656	-1.325209
8.610000	-0.132803	3.338979	0.074076	-1.342430
8.639999	-0.032633	3.354915	0.033873	-1.354916
8.670000	0.068014	3.358831	-0.006812	-1.362580
8.700000	0.168779	3.350669	-0.047836	-1.365350
8.730000	0.269299	3.330416	-0.089050	-1.363174
8.760000	0.369211	3.298100	-0.130304	-1.356015
8.790000	0.468154	3.253794	-0.171450	-1.343856
8.820000	0.565768	3.197616	-0.212334	-1.326697
8.849999	0.661697	3.129724	-0.252805	-1.304558
8.880000	0.755588	3.050320	-0.292709	-1.277477
8.910000	0.847098	2.959650	-0.331899	-1.245509
8.940000	0.935887	2.857998	-0.370222	-1.208728
8.970000	1.021627	2.745691	-0.407531	-1.167230
9.000000	1.103998	2.623096	-0.443681	-1.121121
9.030000	1.182691	2.490616	-0.478531	-1.070534
9.059999	1.257410	2.348693	-0.511940	-1.015614
9.090000	1.327870	2.197804	-0.543773	-0.956529
9.120000	1.393805	2.038460	-0.573902	-0.893453
9.150000	1.454958	1.871203	-0.602202	-0.826585
9.179999	1.511094	1.696608	-0.628553	-0.756138
9.210000	1.561993	1.515277	-0.652842	-0.682343
9.240000	1.607451	1.327838	-0.674963	-0.605434
9.270000	1.647286	1.134944	-0.694817	-0.525670
9.300000	1.681334	0.937269	-0.712312	-0.443323
9.330000	1.709453	0.735509	-0.727365	-0.358663
9.360000	1.731518	0.530375	-0.739899	-0.271986
9.389999	1.747429	0.322593	-0.749847	-0.183591
9.420000	1.757107	0.112901	-0.757152	-0.093790
9.450000	1.760494	-0.097951	-0.761766	-0.002893
9.480000	1.757555	-0.309211	-0.763648	0.088773
9.510000	1.748279	-0.520117	-0.762770	0.180876
9.540000	1.732676	-0.729911	-0.759110	0.273091
9.570000	1.710778	-0.937832	-0.752661	0.365078
9.599999	1.682643	-1.143125	-0.743423	0.456498
9.630000	1.648350	-1.345042	-0.731406	0.547009
9.660000	1.607998	-1.542844	-0.716631	0.636281
9.690000	1.561713	-1.735804	-0.699130	0.723973
9.719999	1.509639	-1.923210	-0.678945	0.809752
9.750000	1.451943	-2.104367	-0.656128	0.893287
9.780000	1.388812	-2.278600	-0.630739	0.974260
9.809999	1.320454	-2.445257	-0.602851	1.052351
9.840000	1.247096	-2.603712	-0.572548	1.127249
9.870000	1.168985	-2.753363	-0.539918	1.198661
9.900000	1.086384	-2.893641	-0.505061	1.266295
9.929999	0.999575	-3.024007	-0.468089	1.329873
9.960000	0.908854	-3.143956	-0.429120	1.389129
9.990000	0.814536	-3.253019	-0.388277	1.443816
10.020000	0.716945	-3.350763	-0.345697	1.493696
10.050000	0.616422	-3.436796	-0.301522	1.538547
10.080000	0.513318	-3.510767	-0.255897	1.578168
10.110000	0.407995	-3.572365	-0.208980	1.612372
10.139999	0.300824	-3.621325	-0.160931	1.640991
10.170000	0.192185	-3.657424	-0.111919	1.663876
10.200000	0.082462	-3.680486	-0.062111	1.680900
10.229999	-0.027953	-3.690381	-0.011684	1.691953
10.260000	-0.138664	-3.687027	0.039181	1.696948
10.290000	-0.249275	-3.670387	0.090304	1.695820
10.320000	-0.359386	-3.640474	0.141501	1.688525
10.349999	-0.468601	-3.597348	0.192585	1.675042
10.380000	-0.576521	-3.541116	0.243366	1.655372
10.410000	-0.682755	-3.471933	0.293661	1.629537
10.440000	-0.786913	-3.390002	0.343281	1.597584
10.469999	-0.888613	-3.295573	0.392039	1.559583
10.500000	-0.987480	-3.188940	0.439751	1.515628
10.530000	-1.083148	-3.070442	0.486236	1.465829
10.559999	-1.175261	-2.940464	0.531314	1.410325
10.590000	-1.263475	-2.799433	0.574809	1.349276
10.620000	-1.347458	-2.647816	0.616553	1.282858
10.650000	-1.426893	-2.486121	0.656379	1.211275
10.679999	-1.501476	-2.314894	0.694127	1.134747
10.710000	-1.570923	-2.134717	0.729642	1.053519
10.740000	-1.634965	-1.946206	0.762782	0.967846
10.770000	-1.693351	-1.750010	0.793404	0.878009
10.800000	-1.745851	-1.546808	0.821379	0.784308
10.830000	-1.792255	-1.337306	0.846586	0.687047
10.860000	-1.832374	-1.122235	0.868911	0.586558
10.889999	-1.866042	-0.902350	0.888251	0.483182
10.920000	-1.893112	-0.678425	0.904513	0.377278
10.950000	-1.913465	-0.451252	0.917616	0.269206
10.979999	-1.927002	-0.221636	0.927487	0.159347
11.010000	-1.933651	0.009604	0.934068	0.048091
11.040000	-1.933363	0.241642	0.937308	-0.064173
11.070000	-1.926114	0.473646	0.937172	-0.177042
11.099999	-1.911905	0.704780	0.933635	-0.290109
11.130000	-1.890761	0.934208	0.926685	-0.402959
11.160000	-1.862735	1.161100	0.916321	-0.515188
11.190000	-1.827902	1.384628	0.902557	-0.626378
11.219999	-1.786363	1.603976	0.885417	-0.736117
11.250000	-1.738244	1.818340	0.864939	-0.843991
11.280000	-1.683694	2.026929	0.841173	-0.949600
11.309999	-1.622886	2.228972	0.814182	-1.052541
11.340000	-1.556017	2.423718	0.784040	-1.152416
11.370000	-1.483305	2.610440	0.750834	-1.248845
11.400000	-1.404992	2.788437	0.714662	-1.341449
11.429999	-1.321339	2.957036	0.675634	-1.429862
11.460000	-1.232628	3.115597	0.633874	-1.513731
11.490000	-1.139160	3.263512	0.589510	-1.592722
11.520000	-1.041255	3.400212	0.542687	-1.666510
11.550000	-0.939248	3.525162	0.493559	-1.734787
11.580000	-0.833493	3.637872	0.442284	-1.797268
11.610000	-0.724357	3.737891	0.389037	-1.853683
11.639999	-0.612220	3.824814	0.333995	-1.903782
11.670000	-0.497476	3.898281	0.277349	-1.947338
11.700000	-0.380528	3.957978	0.219289	-1.984147
11.729999	-0.261788	4.003641	0.160019	-2.014025
11.759999	-0.141679	4.035056	0.099745	-2.036815
11.790000	-0.020627	4.052057	0.038681	-2.052383
11.820000	0.100934	4.054533	-0.022959	-2.060622
11.849999	0.222570	4.042420	-0.084955	-2.061449
11.880000	0.343843	4.015712	-0.147080	-2.054810
11.910000	0.464314	3.974451	-0.209114	-2.040674
11.940000	0.583548	3.918733	-0.270829	-2.019042
11.969999	0.701110	3.848707	-0.331997	-1.989938
12.000000	0.816571	3.764574	-0.392392	-1.953417
12.030000	0.929508	3.666585	-0.451791	-1.909558
12.059999	1.039506	3.555044	-0.509969	-1.858470
12.090000	1.146157	3.430304	-0.566706	-1.800290
12.120000	1.249066	3.292765	-0.621787	-1.735176
12.150000	1.347849	3.142877	-0.674999	-1.663319
12.179999	1.442135	2.981135	-0.726136	-1.584932
12.210000	1.531569	2.808079	-0.774997	-1.500258
12.240000	1.615812	2.624290	-0.821390	-1.409557
12.270000	1.694540	2.430393	-0.865128	-1.313118
12.300000	1.767452	2.227048	-0.906034	-1.211256
12.330000	1.834264	2.014954	-0.943940	-1.104296
12.360000	1.894712	1.794842	-0.978688	-0.992597
12.389999	1.948557	1.567477	-1.010129	-0.876531
12.420000	1.995582	1.333650	-1.038125	-0.756494
12.450000	2.035591	1.094180	-1.062553	-0.632888
12.479999	2.068417	0.849909	-1.083299	-0.506140
12.509999	2.093914	0.601699	-1.100263	-0.376691
12.540000	2.111965	0.350430	-1.113355	-0.244996
12.570000	2.122478	0.096994	-1.122504	-0.111510
12.599999	2.125387	-0.157703	-1.127648	0.023290
12.630000	2.120656	-0.412750	-1.128743	0.158918
12.660000	2.108274	-0.667229	-1.125755	0.294897
12.690000	2.088257	-0.920222	-1.118670	0.430729
12.719999	2.060650	-1.170812	-1.107483	0.565921
12.750000	2.025526	-1.418090	-1.092211	0.699974
12.780000	1.982983	-1.661153	-1.072878	0.832399
12.809999	1.933148	-1.899111	-1.049528	0.962702
12.840000	1.876175	-2.131089	-1.022221	1.090392
12.870000	1.812243	-2.356230	-0.991027	1.214994
12.900000	1.741556	-2.573699	-0.956034	1.336031
12.929999	1.664345	-2.782686	-0.917344	1.453039
12.960000	1.580864	-2.982408	-0.875074	1.565565
12.990000	1.491392	-3.172111	-0.829351	1.673175
13.020000	1.396228	-3.351078	-0.780320	1.775443
13.049999	1.295696	-3.518626	-0.728136	1.871962
13.080000	1.190137	-3.674109	-0.672970	1.962340
13.110000	1.079914	-3.816926	-0.614999	2.046215
13.139999	0.965406	-3.946516	-0.554417	2.123235
13.170000	0.847011	-4.062364	-0.491428	2.193074
13.200000	0.725140	-4.164005	-0.426242	2.255435
13.229999	0.600220	-4.251022	-0.359082	2.310040
13.259999	0.472689	-4.323048	-0.290179	2.356640
13.290000	0.342998	-4.379771	-0.219774	2.395013
13.320000	0.211605	-4.420930	-0.148109	2.424966
13.349999	0.078977	-4.446323	-0.075438	2.446335
13.380000	-0.054413	-4.455800	-0.002020	2.458987
13.410000	-0.188087	-4.449271	0.071888	2.462819
13.440000	-0.321565	-4.426700	0.146018	2.457758
13.469999	-0.454366	-4.388112	0.220102	2.443766
13.500000	-0.586009	-4.333588	0.293871	2.420836
13.530000	-0.716017	-4.263267	0.367056	2.388992
13.559999	-0.843915	-4.177345	0.439388	2.348293
13.590000	-0.969235	-4.076075	0.510597	2.298830
13.620000	-1.091518	-3.959767	0.580419	2.240722
13.650000	-1.210311	-3.828785	0.648592	2.174128
13.679999	-1.325174	-3.683547	0.714857	2.099234
13.710000	-1.435681	-3.524527	0.778960	2.016259
13.740000	-1.541416	-3.352245	0.840657	1.925450
13.770000	-1.641984	-3.167275	0.899707	1.827088
13.799999	-1.737002	-2.970237	0.955880	1.721480
13.830000	-1.826109	-2.761797	1.008952	1.608968
13.860000	-1.908963	-2.542664	1.058712	1.489908
13.889999	-1.985243	-2.313588	1.104959	1.364695
13.920000	-2.054651	-2.075359	1.147500	1.233747
13.950000	-2.116911	-1.828801	1.186160	1.097495
13.979999	-2.171775	-1.574771	1.220773	0.956403
14.009999	-2.219018	-1.314158	1.251188	0.810954
14.040000	-2.258443	-1.047876	1.277267	0.661650
14.070000	-2.289879	-0.776863	1.298889	0.509001
14.099999	-2.313185	-0.502078	1.315947	0.353544
14.130000	-2.328248	-0.224495	1.328350	0.195829
14.160000	-2.334982	0.054894	1.336025	0.036405
14.190000	-2.333336	0.335092	1.338913	-0.124155
14.219999	-2.323283	0.615093	1.336974	-0.285277
14.250000	-2.304830	0.893886	1.330185	-0.446375
14.280000	-2.278013	1.170466	1.318539	-0.606874
14.309999	-2.242899	1.443828	1.302049	-0.766183
14.340000	-2.199584	1.712975	1.280745	-0.923713
14.370000	-2.148195	1.976926	1.254673	-1.078890
14.400000	-2.088887	2.234709	1.223897	-1.231132
14.429999	-2.021846	2.485375	1.188502	-1.379868
14.460000	-1.947285	2.727997	1.148586	-1.524536
14.490000	-1.865445	2.961671	1.104265	-1.664590
14.520000	-1.776595	3.185525	1.055673	-1.799491
14.549999	-1.681029	3.398716	1.002961	-1.928719
14.580000	-1.579068	3.600440	0.946294	-2.051766
14.610000	-1.471055	3.789928	0.885851	-2.168155
14.639999	-1.357357	3.966454	0.821830	-2.277418
14.670000	-1.238363	4.129337	0.754442	-2.379114
14.700000	-1.114483	4.277941	0.683907	-2.472832
14.729999	-0.986145	4.411679	0.610464	-2.558180
14.759999	-0.853794	4.530016	0.534361	-2.634799
14.790000	-0.717894	4.632471	0.455859	-2.702354
14.820000	-0.578920	4.718618	0.375225	-2.760550
14.849999	-0.437361	4.788089	0.292739	-2.809115
14.880000	-0.293719	4.840572	0.208691	-2.847815
14.910000	-0.148501	4.875819	0.123374	-2.876450
14.940000	-0.002227	4.893639	0.037089	-2.894855
14.969999	0.144582	4.893906	-0.049856	-2.902899
Solution of SHM
Step Size = .0300 Euler Method
Time	y	v	Δy	Δv
0.000000	1.000000	0.000000	0.000000	-0.000000
0.030000	1.000000	-0.120000	-0.001799	0.000072
0.060000	0.996400	-0.240000	-0.003591	0.000576
0.090000	0.989200	-0.359568	-0.005356	0.001509
0.120000	0.978413	-0.478272	-0.007075	0.002867
0.150000	0.964065	-0.595682	-0.008728	0.004641
0.180000	0.946194	-0.711369	-0.010298	0.006821
0.210000	0.924853	-0.824913	-0.011764	0.009392
0.240000	0.900106	-0.935895	-0.013111	0.012337
0.270000	0.872029	-1.043908	-0.014320	0.015636
0.300000	0.840712	-1.148551	-0.015376	0.019266
0.330000	0.806255	-1.249437	-0.016263	0.023203
0.360000	0.768772	-1.346187	-0.016966	0.027418
0.390000	0.728387	-1.438440	-0.017473	0.031881
0.420000	0.685233	-1.525846	-0.017771	0.036560
0.450000	0.639458	-1.608074	-0.017848	0.041421
0.480000	0.591216	-1.684809	-0.017696	0.046426
0.510000	0.540672	-1.755755	-0.017306	0.051539
0.540000	0.487999	-1.820636	-0.016671	0.056720
0.570000	0.433380	-1.879196	-0.015785	0.061929
0.600000	0.377004	-1.931201	-0.014646	0.067123
0.630000	0.319068	-1.976442	-0.013251	0.072261
0.660000	0.259775	-2.014730	-0.011599	0.077300
0.690000	0.199333	-2.045903	-0.009692	0.082196
0.720000	0.137956	-2.069823	-0.007532	0.086906
0.750000	0.075861	-2.086377	-0.005124	0.091387
0.780000	0.013270	-2.095481	-0.002474	0.095597
0.810000	-0.049595	-2.097073	0.000411	0.099494
0.840000	-0.112507	-2.091122	0.003520	0.103035
0.870000	-0.175241	-2.077621	0.006843	0.106182
0.900000	-0.237569	-2.056592	0.010367	0.108897
0.930000	-0.299267	-2.028084	0.014078	0.111141
0.960000	-0.360109	-1.992172	0.017960	0.112881
0.990000	-0.419875	-1.948959	0.021996	0.114083
1.020000	-0.478343	-1.898574	0.026167	0.114716
1.050000	-0.535301	-1.841172	0.030455	0.114754
1.080000	-0.590536	-1.776936	0.034837	0.114169
1.110000	-0.643844	-1.706072	0.039291	0.112941
1.140000	-0.695026	-1.628811	0.043796	0.111049
1.170000	-0.743890	-1.545408	0.048327	0.108478
1.200000	-0.790252	-1.456141	0.052859	0.105214
1.230000	-0.833937	-1.361311	0.057366	0.101250
1.260000	-0.874776	-1.261238	0.061824	0.096577
1.290000	-0.912613	-1.156265	0.066205	0.091195
1.320000	-0.947301	-1.046752	0.070483	0.085106
1.350000	-0.978704	-0.933076	0.074631	0.078316
1.380000	-1.006696	-0.815631	0.078623	0.070833
1.410000	-1.031165	-0.694828	0.082432	0.062672
1.440000	-1.052010	-0.571088	0.086030	0.053849
1.470000	-1.069142	-0.444847	0.089393	0.044386
1.500000	-1.082488	-0.316550	0.092495	0.034310
1.530000	-1.091984	-0.186651	0.095311	0.023647
1.560000	-1.097584	-0.055613	0.097817	0.012431
1.590000	-1.099252	0.076097	0.099989	0.000699
1.620000	-1.096969	0.208007	0.101807	-0.011510
1.650000	-1.090729	0.339643	0.103249	-0.024152
1.680000	-1.080539	0.470531	0.104296	-0.037181
1.710000	-1.066424	0.600196	0.104929	-0.050547
1.740000	-1.048418	0.728166	0.105133	-0.064196
1.770000	-1.026573	0.853976	0.104893	-0.078075
1.800000	-1.000953	0.977165	0.104195	-0.092125
1.830000	-0.971639	1.097280	0.103029	-0.106285
1.860000	-0.938720	1.213876	0.101386	-0.120494
1.890000	-0.902304	1.326523	0.099258	-0.134688
1.920000	-0.862508	1.434799	0.096641	-0.148802
1.950000	-0.819464	1.538300	0.093532	-0.162768
1.980000	-0.773315	1.636636	0.089930	-0.176519
2.010000	-0.724216	1.729434	0.085838	-0.189988
2.040000	-0.672333	1.816340	0.081260	-0.203104
2.070000	-0.617843	1.897020	0.076201	-0.215801
2.100000	-0.560932	1.971161	0.070671	-0.228010
2.130000	-0.501797	2.038473	0.064682	-0.239662
2.160000	-0.440643	2.098688	0.058246	-0.250692
2.190000	-0.377683	2.151566	0.051380	-0.261034
2.220000	-0.313136	2.196887	0.044103	-0.270626
2.250000	-0.247229	2.234464	0.036433	-0.279403
2.280000	-0.180195	2.264131	0.028395	-0.287309
2.310000	-0.112271	2.285754	0.020013	-0.294284
2.340000	-0.043698	2.299227	0.011315	-0.300276
2.370000	0.025278	2.304471	0.002329	-0.305233
2.400000	0.094412	2.301437	-0.006914	-0.309108
2.430000	0.163456	2.290108	-0.016380	-0.311857
2.460000	0.232159	2.270493	-0.026036	-0.313441
2.490000	0.300274	2.242634	-0.035845	-0.313824
2.520000	0.367553	2.206601	-0.045771	-0.312974
2.550000	0.433751	2.162495	-0.055773	-0.310866
2.580000	0.498626	2.110445	-0.065813	-0.307478
2.610000	0.561939	2.050610	-0.075848	-0.302793
2.640000	0.623457	1.983177	-0.085838	-0.296802
2.670000	0.682953	1.908363	-0.095740	-0.289497
2.700000	0.740203	1.826408	-0.105510	-0.280879
2.730000	0.794996	1.737584	-0.115107	-0.270953
2.760000	0.847123	1.642184	-0.124485	-0.259731
2.790000	0.896389	1.540529	-0.133602	-0.247228
2.820000	0.942605	1.432963	-0.142415	-0.233468
2.850000	0.985593	1.319850	-0.150881	-0.218479
2.880000	1.025189	1.201579	-0.158957	-0.202295
2.910000	1.061236	1.078556	-0.166603	-0.184956
2.940000	1.093593	0.951208	-0.173777	-0.166507
2.970000	1.122129	0.819977	-0.180442	-0.147000
3.000000	1.146729	0.685321	-0.186558	-0.126490
3.030000	1.167288	0.547714	-0.192091	-0.105040
3.060000	1.183720	0.407639	-0.197005	-0.082715
3.090000	1.195949	0.265593	-0.201268	-0.059588
3.120000	1.203917	0.122079	-0.204849	-0.035735
3.150000	1.207579	-0.022391	-0.207720	-0.011236
3.180000	1.206907	-0.167300	-0.209856	0.013823
3.210000	1.201888	-0.312129	-0.211233	0.039352
3.240000	1.192524	-0.456356	-0.211830	0.065263
3.270000	1.178834	-0.599459	-0.211630	0.091457
3.300000	1.160850	-0.740919	-0.210617	0.117836
3.330000	1.138622	-0.880221	-0.208781	0.144300
3.360000	1.112216	-1.016855	-0.206112	0.170745
3.390000	1.081710	-1.150321	-0.202605	0.197066
3.420000	1.047200	-1.280127	-0.198257	0.223158
3.450000	1.008797	-1.405791	-0.193071	0.248912
3.480000	0.966623	-1.526846	-0.187051	0.274220
3.510000	0.920818	-1.642841	-0.180205	0.298976
3.540000	0.871532	-1.753339	-0.172544	0.323073
3.570000	0.818932	-1.857923	-0.164084	0.346402
3.600000	0.763195	-1.956195	-0.154843	0.368859
3.630000	0.704509	-2.047778	-0.144843	0.390340
3.660000	0.643075	-2.132319	-0.134110	0.410744
3.690000	0.579106	-2.209488	-0.122673	0.429972
3.720000	0.512821	-2.278980	-0.110563	0.447928
3.750000	0.444452	-2.340519	-0.097816	0.464519
3.780000	0.374236	-2.393853	-0.084471	0.479658
3.810000	0.302421	-2.438761	-0.070568	0.493260
3.840000	0.229258	-2.475052	-0.056152	0.505245
3.870000	0.155006	-2.502563	-0.041271	0.515541
3.900000	0.079929	-2.521163	-0.025974	0.524077
3.930000	0.004294	-2.530755	-0.010312	0.530791
3.960000	-0.071628	-2.531270	0.005658	0.535627
3.990000	-0.147566	-2.522675	0.021881	0.538534
4.020000	-0.223247	-2.504967	0.038299	0.539470
4.050000	-0.298396	-2.478177	0.054852	0.538397
4.080000	-0.372741	-2.442370	0.071477	0.535288
4.110000	-0.446012	-2.397641	0.088111	0.530121
4.140000	-0.517941	-2.344119	0.104693	0.522882
4.170000	-0.588265	-2.281966	0.121156	0.513567
4.200000	-0.656724	-2.211375	0.137435	0.502177
4.230000	-0.723065	-2.132568	0.153466	0.488723
4.260000	-0.787042	-2.045800	0.169182	0.473223
4.290000	-0.848416	-1.951355	0.184519	0.455707
4.320000	-0.906957	-1.849545	0.199412	0.436208
4.350000	-0.962443	-1.740710	0.213796	0.414772
4.380000	-1.014664	-1.625217	0.227610	0.391449
4.410000	-1.063421	-1.503457	0.240793	0.366298
4.440000	-1.108524	-1.375847	0.253282	0.339391
4.470000	-1.149800	-1.242824	0.265022	0.310799
4.500000	-1.187085	-1.104848	0.275954	0.280611
4.530000	-1.220230	-0.962398	0.286027	0.248913
4.560000	-1.249102	-0.815970	0.295188	0.215807
4.590000	-1.273581	-0.666078	0.303390	0.181395
4.620000	-1.293563	-0.513248	0.310586	0.145791
4.650000	-1.308961	-0.358021	0.316735	0.109112
4.680000	-1.319701	-0.200945	0.321799	0.071479
4.710000	-1.325730	-0.042581	0.325741	0.033026
4.740000	-1.327007	0.116506	0.328532	-0.006119
4.770000	-1.323512	0.275747	0.330143	-0.045813
4.800000	-1.315240	0.434569	0.330552	-0.085916
4.830000	-1.302203	0.592397	0.329740	-0.126280
4.860000	-1.284431	0.748662	0.327693	-0.166758
4.890000	-1.261971	0.902793	0.324401	-0.207197
4.920000	-1.234887	1.054230	0.319860	-0.247443
4.950000	-1.203260	1.202416	0.314069	-0.287345
4.980000	-1.167188	1.346807	0.307032	-0.326743
5.010000	-1.126783	1.486870	0.298759	-0.365485
5.040000	-1.082177	1.622084	0.289265	-0.403413
5.070000	-1.033515	1.751945	0.278567	-0.440376
5.100000	-0.980956	1.875967	0.266691	-0.476218
5.130000	-0.924677	1.993682	0.253664	-0.510790
5.160000	-0.864867	2.104643	0.239521	-0.543947
5.190000	-0.801728	2.208427	0.224300	-0.575543
5.220000	-0.735475	2.304634	0.208043	-0.605439
5.250000	-0.666336	2.392891	0.190799	-0.633500
5.280000	-0.594549	2.472852	0.172617	-0.659596
5.310000	-0.520364	2.544198	0.153557	-0.683603
5.340000	-0.444038	2.606641	0.133675	-0.705405
5.370000	-0.365838	2.659926	0.113037	-0.724889
5.400000	-0.286041	2.703826	0.091711	-0.741954
5.430000	-0.204926	2.738151	0.069766	-0.756503
5.460000	-0.122781	2.762742	0.047279	-0.768451
5.490000	-0.039899	2.777476	0.024325	-0.777719
5.520000	0.043425	2.782264	0.000986	-0.784237
5.550000	0.126893	2.777053	-0.022658	-0.787948
5.580000	0.210205	2.761826	-0.046519	-0.788801
5.610000	0.293060	2.736601	-0.070514	-0.786757
5.640000	0.375158	2.701434	-0.094552	-0.781788
5.670000	0.456201	2.656415	-0.118544	-0.773876
5.700000	0.535893	2.601671	-0.142403	-0.763014
5.730000	0.613943	2.537364	-0.166034	-0.749206
5.760000	0.690064	2.463691	-0.189349	-0.732467
5.790000	0.763975	2.380883	-0.212254	-0.712825
5.820000	0.835401	2.289206	-0.234662	-0.690315
5.850000	0.904077	2.188958	-0.256481	-0.664990
5.880000	0.969746	2.080468	-0.277624	-0.636908
5.910000	1.032160	1.964099	-0.298003	-0.606141
5.940000	1.091083	1.840240	-0.317532	-0.572772
5.970000	1.146290	1.709310	-0.336130	-0.536893
6.000000	1.197570	1.571755	-0.353716	-0.498609
6.030000	1.244722	1.428046	-0.370212	-0.458032
6.060000	1.287564	1.278680	-0.385544	-0.415290
6.090000	1.325924	1.124172	-0.399642	-0.370513
6.120000	1.359649	0.965061	-0.412437	-0.323846
6.150000	1.388601	0.801903	-0.423869	-0.275440
6.180000	1.412658	0.635271	-0.433877	-0.225453
6.210000	1.431716	0.465752	-0.442409	-0.174055
6.240000	1.445689	0.293946	-0.449417	-0.121419
6.270000	1.454507	0.120464	-0.454855	-0.067728
6.300000	1.458121	-0.054077	-0.458687	-0.013168
6.330000	1.456499	-0.229052	-0.460879	0.042067
6.360000	1.449627	-0.403832	-0.461405	0.097782
6.390000	1.437512	-0.577787	-0.460244	0.153771
6.420000	1.420179	-0.750289	-0.457382	0.209833
6.450000	1.397670	-0.920710	-0.452810	0.265762
6.480000	1.370049	-1.088430	-0.446526	0.321345
6.510000	1.337396	-1.252836	-0.438533	0.376376
6.540000	1.299811	-1.413324	-0.428844	0.430641
6.570000	1.257411	-1.569301	-0.417474	0.483934
6.600000	1.210332	-1.720191	-0.404448	0.536044
6.630000	1.158726	-1.865430	-0.389795	0.586767
6.660000	1.102763	-2.004478	-0.373553	0.635898
6.690000	1.042629	-2.136809	-0.355764	0.683239
6.720000	0.978525	-2.261925	-0.336476	0.728597
6.750000	0.910667	-2.379348	-0.315746	0.771779
6.780000	0.839287	-2.488628	-0.293634	0.812605
6.810000	0.764628	-2.589342	-0.270208	0.850895
6.840000	0.686948	-2.681098	-0.245539	0.886485
6.870000	0.606515	-2.763531	-0.219707	0.919210
6.900000	0.523609	-2.836313	-0.192793	0.948922
6.930000	0.438519	-2.899146	-0.164887	0.975477
6.960000	0.351545	-2.951768	-0.136081	0.998745
6.990000	0.262992	-2.993954	-0.106471	1.018604
7.020000	0.173173	-3.025513	-0.076159	1.034947
7.050000	0.082408	-3.046293	-0.045249	1.047675
7.080000	-0.008981	-3.056182	-0.013850	1.056704
7.110000	-0.100666	-3.055105	0.017929	1.061962
7.140000	-0.192319	-3.043025	0.049972	1.063391
7.170000	-0.283610	-3.019946	0.082165	1.060947
7.200000	-0.374209	-2.985913	0.114392	1.054597
7.230000	-0.463786	-2.941008	0.146531	1.044327
7.260000	-0.552016	-2.885354	0.178467	1.030133
7.290000	-0.638577	-2.819112	0.210076	1.012029
7.320000	-0.723150	-2.742483	0.241241	0.990040
7.350000	-0.805425	-2.655705	0.271840	0.964211
7.380000	-0.885096	-2.559054	0.301758	0.934595
7.410000	-0.961867	-2.452842	0.330874	0.901266
7.440000	-1.035453	-2.337418	0.359075	0.864308
7.470000	-1.105575	-2.213164	0.386248	0.823820
7.500000	-1.171970	-2.080495	0.412282	0.779919
7.530000	-1.234385	-1.939859	0.437071	0.732730
7.560000	-1.292581	-1.791732	0.460509	0.682397
7.590000	-1.346333	-1.636623	0.482498	0.629072
7.620000	-1.395431	-1.475063	0.502943	0.572924
7.650000	-1.439683	-1.307611	0.521753	0.514129
7.680000	-1.478912	-1.134849	0.538843	0.452881
7.710000	-1.512957	-0.957380	0.554133	0.389380
7.740000	-1.541678	-0.775825	0.567550	0.323836
7.770000	-1.564953	-0.590823	0.579026	0.256474
7.800000	-1.582678	-0.403029	0.588500	0.187521
7.830000	-1.594769	-0.213108	0.595919	0.117218
7.860000	-1.601162	-0.021735	0.601235	0.045807
7.890000	-1.601814	0.170404	0.604408	-0.026456
7.920000	-1.596702	0.362622	0.605406	-0.099316
7.950000	-1.585823	0.554226	0.604206	-0.172510
7.980000	-1.569196	0.744525	0.600790	-0.245771
8.010000	-1.546861	0.932828	0.595151	-0.318832
8.040000	-1.518876	1.118452	0.587287	-0.391425
8.070000	-1.485322	1.300717	0.577207	-0.463275
8.099999	-1.446301	1.478955	0.564928	-0.534113
8.130000	-1.401932	1.652511	0.550474	-0.603666
8.160000	-1.352357	1.820743	0.533877	-0.671672
8.190000	-1.297735	1.983026	0.515179	-0.737865
8.220000	-1.238244	2.138754	0.494429	-0.801981
8.250000	-1.174081	2.287343	0.471684	-0.863773
8.280000	-1.105461	2.428233	0.447009	-0.922988
8.309999	-1.032614	2.560888	0.420476	-0.979385
8.340000	-0.955787	2.684802	0.392169	-1.032731
8.370000	-0.875243	2.799496	0.362171	-1.082805
8.400000	-0.791258	2.904526	0.330579	-1.129392
8.429999	-0.704122	2.999476	0.297494	-1.172289
8.460000	-0.614138	3.083971	0.263025	-1.211305
8.490000	-0.521619	3.157668	0.227284	-1.246263
8.520000	-0.426889	3.220262	0.190390	-1.276998
8.550000	-0.330281	3.271488	0.152472	-1.303358
8.580000	-0.232136	3.311122	0.113656	-1.325209
8.610000	-0.132803	3.338979	0.074076	-1.342430
8.639999	-0.032633	3.354915	0.033873	-1.354916
8.670000	0.068014	3.358831	-0.006812	-1.362580
8.700000	0.168779	3.350669	-0.047836	-1.365350
8.730000	0.269299	3.330416	-0.089050	-1.363174
8.760000	0.369211	3.298100	-0.130304	-1.356015
8.790000	0.468154	3.253794	-0.171450	-1.343856
8.820000	0.565768	3.197616	-0.212334	-1.326697
8.849999	0.661697	3.129724	-0.252805	-1.304558
8.880000	0.755588	3.050320	-0.292709	-1.277477
8.910000	0.847098	2.959650	-0.331899	-1.245509
8.940000	0.935887	2.857998	-0.370222	-1.208728
8.970000	1.021627	2.745691	-0.407531	-1.167230
9.000000	1.103998	2.623096	-0.443681	-1.121121
9.030000	1.182691	2.490616	-0.478531	-1.070534
9.059999	1.257410	2.348693	-0.511940	-1.015614
9.090000	1.327870	2.197804	-0.543773	-0.956529
9.120000	1.393805	2.038460	-0.573902	-0.893453
9.150000	1.454958	1.871203	-0.602202	-0.826585
9.179999	1.511094	1.696608	-0.628553	-0.756138
9.210000	1.561993	1.515277	-0.652842	-0.682343
9.240000	1.607451	1.327838	-0.674963	-0.605434
9.270000	1.647286	1.134944	-0.694817	-0.525670
9.300000	1.681334	0.937269	-0.712312	-0.443323
9.330000	1.709453	0.735509	-0.727365	-0.358663
9.360000	1.731518	0.530375	-0.739899	-0.271986
9.389999	1.747429	0.322593	-0.749847	-0.183591
9.420000	1.757107	0.112901	-0.757152	-0.093790
9.450000	1.760494	-0.097951	-0.761766	-0.002893
9.480000	1.757555	-0.309211	-0.763648	0.088773
9.510000	1.748279	-0.520117	-0.762770	0.180876
9.540000	1.732676	-0.729911	-0.759110	0.273091
9.570000	1.710778	-0.937832	-0.752661	0.365078
9.599999	1.682643	-1.143125	-0.743423	0.456498
9.630000	1.648350	-1.345042	-0.731406	0.547009
9.660000	1.607998	-1.542844	-0.716631	0.636281
9.690000	1.561713	-1.735804	-0.699130	0.723973
9.719999	1.509639	-1.923210	-0.678945	0.809752
9.750000	1.451943	-2.104367	-0.656128	0.893287
9.780000	1.388812	-2.278600	-0.630739	0.974260
9.809999	1.320454	-2.445257	-0.602851	1.052351
9.840000	1.247096	-2.603712	-0.572548	1.127249
9.870000	1.168985	-2.753363	-0.539918	1.198661
9.900000	1.086384	-2.893641	-0.505061	1.266295
9.929999	0.999575	-3.024007	-0.468089	1.329873
9.960000	0.908854	-3.143956	-0.429120	1.389129
9.990000	0.814536	-3.253019	-0.388277	1.443816
10.020000	0.716945	-3.350763	-0.345697	1.493696
10.050000	0.616422	-3.436796	-0.301522	1.538547
10.080000	0.513318	-3.510767	-0.255897	1.578168
10.110000	0.407995	-3.572365	-0.208980	1.612372
10.139999	0.300824	-3.621325	-0.160931	1.640991
10.170000	0.192185	-3.657424	-0.111919	1.663876
10.200000	0.082462	-3.680486	-0.062111	1.680900
10.229999	-0.027953	-3.690381	-0.011684	1.691953
10.260000	-0.138664	-3.687027	0.039181	1.696948
10.290000	-0.249275	-3.670387	0.090304	1.695820
10.320000	-0.359386	-3.640474	0.141501	1.688525
10.349999	-0.468601	-3.597348	0.192585	1.675042
10.380000	-0.576521	-3.541116	0.243366	1.655372
10.410000	-0.682755	-3.471933	0.293661	1.629537
10.440000	-0.786913	-3.390002	0.343281	1.597584
10.469999	-0.888613	-3.295573	0.392039	1.559583
10.500000	-0.987480	-3.188940	0.439751	1.515628
10.530000	-1.083148	-3.070442	0.486236	1.465829
10.559999	-1.175261	-2.940464	0.531314	1.410325
10.590000	-1.263475	-2.799433	0.574809	1.349276
10.620000	-1.347458	-2.647816	0.616553	1.282858
10.650000	-1.426893	-2.486121	0.656379	1.211275
10.679999	-1.501476	-2.314894	0.694127	1.134747
10.710000	-1.570923	-2.134717	0.729642	1.053519
10.740000	-1.634965	-1.946206	0.762782	0.967846
10.770000	-1.693351	-1.750010	0.793404	0.878009
10.800000	-1.745851	-1.546808	0.821379	0.784308
10.830000	-1.792255	-1.337306	0.846586	0.687047
10.860000	-1.832374	-1.122235	0.868911	0.586558
10.889999	-1.866042	-0.902350	0.888251	0.483182
10.920000	-1.893112	-0.678425	0.904513	0.377278
10.950000	-1.913465	-0.451252	0.917616	0.269206
10.979999	-1.927002	-0.221636	0.927487	0.159347
11.010000	-1.933651	0.009604	0.934068	0.048091
11.040000	-1.933363	0.241642	0.937308	-0.064173
11.070000	-1.926114	0.473646	0.937172	-0.177042
11.099999	-1.911905	0.704780	0.933635	-0.290109
11.130000	-1.890761	0.934208	0.926685	-0.402959
11.160000	-1.862735	1.161100	0.916321	-0.515188
11.190000	-1.827902	1.384628	0.902557	-0.626378
11.219999	-1.786363	1.603976	0.885417	-0.736117
11.250000	-1.738244	1.818340	0.864939	-0.843991
11.280000	-1.683694	2.026929	0.841173	-0.949600
11.309999	-1.622886	2.228972	0.814182	-1.052541
11.340000	-1.556017	2.423718	0.784040	-1.152416
11.370000	-1.483305	2.610440	0.750834	-1.248845
11.400000	-1.404992	2.788437	0.714662	-1.341449
11.429999	-1.321339	2.957036	0.675634	-1.429862
11.460000	-1.232628	3.115597	0.633874	-1.513731
11.490000	-1.139160	3.263512	0.589510	-1.592722
11.520000	-1.041255	3.400212	0.542687	-1.666510
11.550000	-0.939248	3.525162	0.493559	-1.734787
11.580000	-0.833493	3.637872	0.442284	-1.797268
11.610000	-0.724357	3.737891	0.389037	-1.853683
11.639999	-0.612220	3.824814	0.333995	-1.903782
11.670000	-0.497476	3.898281	0.277349	-1.947338
11.700000	-0.380528	3.957978	0.219289	-1.984147
11.729999	-0.261788	4.003641	0.160019	-2.014025
11.759999	-0.141679	4.035056	0.099745	-2.036815
11.790000	-0.020627	4.052057	0.038681	-2.052383
11.820000	0.100934	4.054533	-0.022959	-2.060622
11.849999	0.222570	4.042420	-0.084955	-2.061449
11.880000	0.343843	4.015712	-0.147080	-2.054810
11.910000	0.464314	3.974451	-0.209114	-2.040674
11.940000	0.583548	3.918733	-0.270829	-2.019042
11.969999	0.701110	3.848707	-0.331997	-1.989938
12.000000	0.816571	3.764574	-0.392392	-1.953417
12.030000	0.929508	3.666585	-0.451791	-1.909558
12.059999	1.039506	3.555044	-0.509969	-1.858470
12.090000	1.146157	3.430304	-0.566706	-1.800290
12.120000	1.249066	3.292765	-0.621787	-1.735176
12.150000	1.347849	3.142877	-0.674999	-1.663319
12.179999	1.442135	2.981135	-0.726136	-1.584932
12.210000	1.531569	2.808079	-0.774997	-1.500258
12.240000	1.615812	2.624290	-0.821390	-1.409557
12.270000	1.694540	2.430393	-0.865128	-1.313118
12.300000	1.767452	2.227048	-0.906034	-1.211256
12.330000	1.834264	2.014954	-0.943940	-1.104296
12.360000	1.894712	1.794842	-0.978688	-0.992597
12.389999	1.948557	1.567477	-1.010129	-0.876531
12.420000	1.995582	1.333650	-1.038125	-0.756494
12.450000	2.035591	1.094180	-1.062553	-0.632888
12.479999	2.068417	0.849909	-1.083299	-0.506140
12.509999	2.093914	0.601699	-1.100263	-0.376691
12.540000	2.111965	0.350430	-1.113355	-0.244996
12.570000	2.122478	0.096994	-1.122504	-0.111510
12.599999	2.125387	-0.157703	-1.127648	0.023290
12.630000	2.120656	-0.412750	-1.128743	0.158918
12.660000	2.108274	-0.667229	-1.125755	0.294897
12.690000	2.088257	-0.920222	-1.118670	0.430729
12.719999	2.060650	-1.170812	-1.107483	0.565921
12.750000	2.025526	-1.418090	-1.092211	0.699974
12.780000	1.982983	-1.661153	-1.072878	0.832399
12.809999	1.933148	-1.899111	-1.049528	0.962702
12.840000	1.876175	-2.131089	-1.022221	1.090392
12.870000	1.812243	-2.356230	-0.991027	1.214994
12.900000	1.741556	-2.573699	-0.956034	1.336031
12.929999	1.664345	-2.782686	-0.917344	1.453039
12.960000	1.580864	-2.982408	-0.875074	1.565565
12.990000	1.491392	-3.172111	-0.829351	1.673175
13.020000	1.396228	-3.351078	-0.780320	1.775443
13.049999	1.295696	-3.518626	-0.728136	1.871962
13.080000	1.190137	-3.674109	-0.672970	1.962340
13.110000	1.079914	-3.816926	-0.614999	2.046215
13.139999	0.965406	-3.946516	-0.554417	2.123235
13.170000	0.847011	-4.062364	-0.491428	2.193074
13.200000	0.725140	-4.164005	-0.426242	2.255435
13.229999	0.600220	-4.251022	-0.359082	2.310040
13.259999	0.472689	-4.323048	-0.290179	2.356640
13.290000	0.342998	-4.379771	-0.219774	2.395013
13.320000	0.211605	-4.420930	-0.148109	2.424966
13.349999	0.078977	-4.446323	-0.075438	2.446335
13.380000	-0.054413	-4.455800	-0.002020	2.458987
13.410000	-0.188087	-4.449271	0.071888	2.462819
13.440000	-0.321565	-4.426700	0.146018	2.457758
13.469999	-0.454366	-4.388112	0.220102	2.443766
13.500000	-0.586009	-4.333588	0.293871	2.420836
13.530000	-0.716017	-4.263267	0.367056	2.388992
13.559999	-0.843915	-4.177345	0.439388	2.348293
13.590000	-0.969235	-4.076075	0.510597	2.298830
13.620000	-1.091518	-3.959767	0.580419	2.240722
13.650000	-1.210311	-3.828785	0.648592	2.174128
13.679999	-1.325174	-3.683547	0.714857	2.099234
13.710000	-1.435681	-3.524527	0.778960	2.016259
13.740000	-1.541416	-3.352245	0.840657	1.925450
13.770000	-1.641984	-3.167275	0.899707	1.827088
13.799999	-1.737002	-2.970237	0.955880	1.721480
13.830000	-1.826109	-2.761797	1.008952	1.608968
13.860000	-1.908963	-2.542664	1.058712	1.489908
13.889999	-1.985243	-2.313588	1.104959	1.364695
13.920000	-2.054651	-2.075359	1.147500	1.233747
13.950000	-2.116911	-1.828801	1.186160	1.097495
13.979999	-2.171775	-1.574771	1.220773	0.956403
14.009999	-2.219018	-1.314158	1.251188	0.810954
14.040000	-2.258443	-1.047876	1.277267	0.661650
14.070000	-2.289879	-0.776863	1.298889	0.509001
14.099999	-2.313185	-0.502078	1.315947	0.353544
14.130000	-2.328248	-0.224495	1.328350	0.195829
14.160000	-2.334982	0.054894	1.336025	0.036405
14.190000	-2.333336	0.335092	1.338913	-0.124155
14.219999	-2.323283	0.615093	1.336974	-0.285277
14.250000	-2.304830	0.893886	1.330185	-0.446375
14.280000	-2.278013	1.170466	1.318539	-0.606874
14.309999	-2.242899	1.443828	1.302049	-0.766183
14.340000	-2.199584	1.712975	1.280745	-0.923713
14.370000	-2.148195	1.976926	1.254673	-1.078890
14.400000	-2.088887	2.234709	1.223897	-1.231132
14.429999	-2.021846	2.485375	1.188502	-1.379868
14.460000	-1.947285	2.727997	1.148586	-1.524536
14.490000	-1.865445	2.961671	1.104265	-1.664590
14.520000	-1.776595	3.185525	1.055673	-1.799491
14.549999	-1.681029	3.398716	1.002961	-1.928719
14.580000	-1.579068	3.600440	0.946294	-2.051766
14.610000	-1.471055	3.789928	0.885851	-2.168155
14.639999	-1.357357	3.966454	0.821830	-2.277418
14.670000	-1.238363	4.129337	0.754442	-2.379114
14.700000	-1.114483	4.277941	0.683907	-2.472832
14.729999	-0.986145	4.411679	0.610464	-2.558180
14.759999	-0.853794	4.530016	0.534361	-2.634799
14.790000	-0.717894	4.632471	0.455859	-2.702354
14.820000	-0.578920	4.718618	0.375225	-2.760550
14.849999	-0.437361	4.788089	0.292739	-2.809115
14.880000	-0.293719	4.840572	0.208691	-2.847815
14.910000	-0.148501	4.875819	0.123374	-2.876450
14.940000	-0.002227	4.893639	0.037089	-2.894855
14.969999	0.144582	4.893906	-0.049856	-2.902899
Solution of SHM
Step Size = .0300 Euler Method
Time	y	v	Δy	Δv
0.000000	1.000000	0.000000	0.000000	-0.000000
0.030000	1.000000	-0.120000	-0.001799	0.000072
0.060000	0.996400	-0.240000	-0.003591	0.000576
0.090000	0.989200	-0.359568	-0.005356	0.001509
0.120000	0.978413	-0.478272	-0.007075	0.002867
0.150000	0.964065	-0.595682	-0.008728	0.004641
0.180000	0.946194	-0.711369	-0.010298	0.006821
0.210000	0.924853	-0.824913	-0.011764	0.009392
0.240000	0.900106	-0.935895	-0.013111	0.012337
0.270000	0.872029	-1.043908	-0.014320	0.015636
0.300000	0.840712	-1.148551	-0.015376	0.019266
0.330000	0.806255	-1.249437	-0.016263	0.023203
0.360000	0.768772	-1.346187	-0.016966	0.027418
0.390000	0.728387	-1.438440	-0.017473	0.031881
0.420000	0.685233	-1.525846	-0.017771	0.036560
0.450000	0.639458	-1.608074	-0.017848	0.041421
0.480000	0.591216	-1.684809	-0.017696	0.046426
0.510000	0.540672	-1.755755	-0.017306	0.051539
0.540000	0.487999	-1.820636	-0.016671	0.056720
0.570000	0.433380	-1.879196	-0.015785	0.061929
0.600000	0.377004	-1.931201	-0.014646	0.067123
0.630000	0.319068	-1.976442	-0.013251	0.072261
0.660000	0.259775	-2.014730	-0.011599	0.077300
0.690000	0.199333	-2.045903	-0.009692	0.082196
0.720000	0.137956	-2.069823	-0.007532	0.086906
0.750000	0.075861	-2.086377	-0.005124	0.091387
0.780000	0.013270	-2.095481	-0.002474	0.095597
0.810000	-0.049595	-2.097073	0.000411	0.099494
0.840000	-0.112507	-2.091122	0.003520	0.103035
0.870000	-0.175241	-2.077621	0.006843	0.106182
0.900000	-0.237569	-2.056592	0.010367	0.108897
0.930000	-0.299267	-2.028084	0.014078	0.111141
0.960000	-0.360109	-1.992172	0.017960	0.112881
0.990000	-0.419875	-1.948959	0.021996	0.114083
1.020000	-0.478343	-1.898574	0.026167	0.114716
1.050000	-0.535301	-1.841172	0.030455	0.114754
1.080000	-0.590536	-1.776936	0.034837	0.114169
1.110000	-0.643844	-1.706072	0.039291	0.112941
1.140000	-0.695026	-1.628811	0.043796	0.111049
1.170000	-0.743890	-1.545408	0.048327	0.108478
1.200000	-0.790252	-1.456141	0.052859	0.105214
1.230000	-0.833937	-1.361311	0.057366	0.101250
1.260000	-0.874776	-1.261238	0.061824	0.096577
1.290000	-0.912613	-1.156265	0.066205	0.091195
1.320000	-0.947301	-1.046752	0.070483	0.085106
1.350000	-0.978704	-0.933076	0.074631	0.078316
1.380000	-1.006696	-0.815631	0.078623	0.070833
1.410000	-1.031165	-0.694828	0.082432	0.062672
1.440000	-1.052010	-0.571088	0.086030	0.053849
1.470000	-1.069142	-0.444847	0.089393	0.044386
1.500000	-1.082488	-0.316550	0.092495	0.034310
1.530000	-1.091984	-0.186651	0.095311	0.023647
1.560000	-1.097584	-0.055613	0.097817	0.012431
1.590000	-1.099252	0.076097	0.099989	0.000699
1.620000	-1.096969	0.208007	0.101807	-0.011510
1.650000	-1.090729	0.339643	0.103249	-0.024152
1.680000	-1.080539	0.470531	0.104296	-0.037181
1.710000	-1.066424	0.600196	0.104929	-0.050547
1.740000	-1.048418	0.728166	0.105133	-0.064196
1.770000	-1.026573	0.853976	0.104893	-0.078075
1.800000	-1.000953	0.977165	0.104195	-0.092125
1.830000	-0.971639	1.097280	0.103029	-0.106285
1.860000	-0.938720	1.213876	0.101386	-0.120494
1.890000	-0.902304	1.326523	0.099258	-0.134688
1.920000	-0.862508	1.434799	0.096641	-0.148802
1.950000	-0.819464	1.538300	0.093532	-0.162768
1.980000	-0.773315	1.636636	0.089930	-0.176519
2.010000	-0.724216	1.729434	0.085838	-0.189988
2.040000	-0.672333	1.816340	0.081260	-0.203104
2.070000	-0.617843	1.897020	0.076201	-0.215801
2.100000	-0.560932	1.971161	0.070671	-0.228010
2.130000	-0.501797	2.038473	0.064682	-0.239662
2.160000	-0.440643	2.098688	0.058246	-0.250692
2.190000	-0.377683	2.151566	0.051380	-0.261034
2.220000	-0.313136	2.196887	0.044103	-0.270626
2.250000	-0.247229	2.234464	0.036433	-0.279403
2.280000	-0.180195	2.264131	0.028395	-0.287309
2.310000	-0.112271	2.285754	0.020013	-0.294284
2.340000	-0.043698	2.299227	0.011315	-0.300276
2.370000	0.025278	2.304471	0.002329	-0.305233
2.400000	0.094412	2.301437	-0.006914	-0.309108
2.430000	0.163456	2.290108	-0.016380	-0.311857
2.460000	0.232159	2.270493	-0.026036	-0.313441
2.490000	0.300274	2.242634	-0.035845	-0.313824
2.520000	0.367553	2.206601	-0.045771	-0.312974
2.550000	0.433751	2.162495	-0.055773	-0.310866
2.580000	0.498626	2.110445	-0.065813	-0.307478
2.610000	0.561939	2.050610	-0.075848	-0.302793
2.640000	0.623457	1.983177	-0.085838	-0.296802
2.670000	0.682953	1.908363	-0.095740	-0.289497
2.700000	0.740203	1.826408	-0.105510	-0.280879
2.730000	0.794996	1.737584	-0.115107	-0.270953
2.760000	0.847123	1.642184	-0.124485	-0.259731
2.790000	0.896389	1.540529	-0.133602	-0.247228
2.820000	0.942605	1.432963	-0.142415	-0.233468
2.850000	0.985593	1.319850	-0.150881	-0.218479
2.880000	1.025189	1.201579	-0.158957	-0.202295
2.910000	1.061236	1.078556	-0.166603	-0.184956
2.940000	1.093593	0.951208	-0.173777	-0.166507
2.970000	1.122129	0.819977	-0.180442	-0.147000
3.000000	1.146729	0.685321	-0.186558	-0.126490
3.030000	1.167288	0.547714	-0.192091	-0.105040
3.060000	1.183720	0.407639	-0.197005	-0.082715
3.090000	1.195949	0.265593	-0.201268	-0.059588
3.120000	1.203917	0.122079	-0.204849	-0.035735
3.150000	1.207579	-0.022391	-0.207720	-0.011236
3.180000	1.206907	-0.167300	-0.209856	0.013823
3.210000	1.201888	-0.312129	-0.211233	0.039352
3.240000	1.192524	-0.456356	-0.211830	0.065263
3.270000	1.178834	-0.599459	-0.211630	0.091457
3.300000	1.160850	-0.740919	-0.210617	0.117836
3.330000	1.138622	-0.880221	-0.208781	0.144300
3.360000	1.112216	-1.016855	-0.206112	0.170745
3.390000	1.081710	-1.150321	-0.202605	0.197066
3.420000	1.047200	-1.280127	-0.198257	0.223158
3.450000	1.008797	-1.405791	-0.193071	0.248912
3.480000	0.966623	-1.526846	-0.187051	0.274220
3.510000	0.920818	-1.642841	-0.180205	0.298976
3.540000	0.871532	-1.753339	-0.172544	0.323073
3.570000	0.818932	-1.857923	-0.164084	0.346402
3.600000	0.763195	-1.956195	-0.154843	0.368859
3.630000	0.704509	-2.047778	-0.144843	0.390340
3.660000	0.643075	-2.132319	-0.134110	0.410744
3.690000	0.579106	-2.209488	-0.122673	0.429972
3.720000	0.512821	-2.278980	-0.110563	0.447928
3.750000	0.444452	-2.340519	-0.097816	0.464519
3.780000	0.374236	-2.393853	-0.084471	0.479658
3.810000	0.302421	-2.438761	-0.070568	0.493260
3.840000	0.229258	-2.475052	-0.056152	0.505245
3.870000	0.155006	-2.502563	-0.041271	0.515541
3.900000	0.079929	-2.521163	-0.025974	0.524077
3.930000	0.004294	-2.530755	-0.010312	0.530791
3.960000	-0.071628	-2.531270	0.005658	0.535627
3.990000	-0.147566	-2.522675	0.021881	0.538534
4.020000	-0.223247	-2.504967	0.038299	0.539470
4.050000	-0.298396	-2.478177	0.054852	0.538397
4.080000	-0.372741	-2.442370	0.071477	0.535288
4.110000	-0.446012	-2.397641	0.088111	0.530121
4.140000	-0.517941	-2.344119	0.104693	0.522882
4.170000	-0.588265	-2.281966	0.121156	0.513567
4.200000	-0.656724	-2.211375	0.137435	0.502177
4.230000	-0.723065	-2.132568	0.153466	0.488723
4.260000	-0.787042	-2.045800	0.169182	0.473223
4.290000	-0.848416	-1.951355	0.184519	0.455707
4.320000	-0.906957	-1.849545	0.199412	0.436208
4.350000	-0.962443	-1.740710	0.213796	0.414772
4.380000	-1.014664	-1.625217	0.227610	0.391449
4.410000	-1.063421	-1.503457	0.240793	0.366298
4.440000	-1.108524	-1.375847	0.253282	0.339391
4.470000	-1.149800	-1.242824	0.265022	0.310799
4.500000	-1.187085	-1.104848	0.275954	0.280611
4.530000	-1.220230	-0.962398	0.286027	0.248913
4.560000	-1.249102	-0.815970	0.295188	0.215807
4.590000	-1.273581	-0.666078	0.303390	0.181395
4.620000	-1.293563	-0.513248	0.310586	0.145791
4.650000	-1.308961	-0.358021	0.316735	0.109112
4.680000	-1.319701	-0.200945	0.321799	0.071479
4.710000	-1.325730	-0.042581	0.325741	0.033026
4.740000	-1.327007	0.116506	0.328532	-0.006119
4.770000	-1.323512	0.275747	0.330143	-0.045813
4.800000	-1.315240	0.434569	0.330552	-0.085916
4.830000	-1.302203	0.592397	0.329740	-0.126280
4.860000	-1.284431	0.748662	0.327693	-0.166758
4.890000	-1.261971	0.902793	0.324401	-0.207197
4.920000	-1.234887	1.054230	0.319860	-0.247443
4.950000	-1.203260	1.202416	0.314069	-0.287345
4.980000	-1.167188	1.346807	0.307032	-0.326743
5.010000	-1.126783	1.486870	0.298759	-0.365485
5.040000	-1.082177	1.622084	0.289265	-0.403413
5.070000	-1.033515	1.751945	0.278567	-0.440376
5.100000	-0.980956	1.875967	0.266691	-0.476218
5.130000	-0.924677	1.993682	0.253664	-0.510790
5.160000	-0.864867	2.104643	0.239521	-0.543947
5.190000	-0.801728	2.208427	0.224300	-0.575543
5.220000	-0.735475	2.304634	0.208043	-0.605439
5.250000	-0.666336	2.392891	0.190799	-0.633500
5.280000	-0.594549	2.472852	0.172617	-0.659596
5.310000	-0.520364	2.544198	0.153557	-0.683603
5.340000	-0.444038	2.606641	0.133675	-0.705405
5.370000	-0.365838	2.659926	0.113037	-0.724889
5.400000	-0.286041	2.703826	0.091711	-0.741954
5.430000	-0.204926	2.738151	0.069766	-0.756503
5.460000	-0.122781	2.762742	0.047279	-0.768451
5.490000	-0.039899	2.777476	0.024325	-0.777719
5.520000	0.043425	2.782264	0.000986	-0.784237
5.550000	0.126893	2.777053	-0.022658	-0.787948
5.580000	0.210205	2.761826	-0.046519	-0.788801
5.610000	0.293060	2.736601	-0.070514	-0.786757
5.640000	0.375158	2.701434	-0.094552	-0.781788
5.670000	0.456201	2.656415	-0.118544	-0.773876
5.700000	0.535893	2.601671	-0.142403	-0.763014
5.730000	0.613943	2.537364	-0.166034	-0.749206
5.760000	0.690064	2.463691	-0.189349	-0.732467
5.790000	0.763975	2.380883	-0.212254	-0.712825
5.820000	0.835401	2.289206	-0.234662	-0.690315
5.850000	0.904077	2.188958	-0.256481	-0.664990
5.880000	0.969746	2.080468	-0.277624	-0.636908
5.910000	1.032160	1.964099	-0.298003	-0.606141
5.940000	1.091083	1.840240	-0.317532	-0.572772
5.970000	1.146290	1.709310	-0.336130	-0.536893
6.000000	1.197570	1.571755	-0.353716	-0.498609
6.030000	1.244722	1.428046	-0.370212	-0.458032
6.060000	1.287564	1.278680	-0.385544	-0.415290
6.090000	1.325924	1.124172	-0.399642	-0.370513
6.120000	1.359649	0.965061	-0.412437	-0.323846
6.150000	1.388601	0.801903	-0.423869	-0.275440
6.180000	1.412658	0.635271	-0.433877	-0.225453
6.210000	1.431716	0.465752	-0.442409	-0.174055
6.240000	1.445689	0.293946	-0.449417	-0.121419
6.270000	1.454507	0.120464	-0.454855	-0.067728
6.300000	1.458121	-0.054077	-0.458687	-0.013168
6.330000	1.456499	-0.229052	-0.460879	0.042067
6.360000	1.449627	-0.403832	-0.461405	0.097782
6.390000	1.437512	-0.577787	-0.460244	0.153771
6.420000	1.420179	-0.750289	-0.457382	0.209833
6.450000	1.397670	-0.920710	-0.452810	0.265762
6.480000	1.370049	-1.088430	-0.446526	0.321345
6.510000	1.337396	-1.252836	-0.438533	0.376376
6.540000	1.299811	-1.413324	-0.428844	0.430641
6.570000	1.257411	-1.569301	-0.417474	0.483934
6.600000	1.210332	-1.720191	-0.404448	0.536044
6.630000	1.158726	-1.865430	-0.389795	0.586767
6.660000	1.102763	-2.004478	-0.373553	0.635898
6.690000	1.042629	-2.136809	-0.355764	0.683239
6.720000	0.978525	-2.261925	-0.336476	0.728597
6.750000	0.910667	-2.379348	-0.315746	0.771779
6.780000	0.839287	-2.488628	-0.293634	0.812605
6.810000	0.764628	-2.589342	-0.270208	0.850895
6.840000	0.686948	-2.681098	-0.245539	0.886485
6.870000	0.606515	-2.763531	-0.219707	0.919210
6.900000	0.523609	-2.836313	-0.192793	0.948922
6.930000	0.438519	-2.899146	-0.164887	0.975477
6.960000	0.351545	-2.951768	-0.136081	0.998745
6.990000	0.262992	-2.993954	-0.106471	1.018604
7.020000	0.173173	-3.025513	-0.076159	1.034947
7.050000	0.082408	-3.046293	-0.045249	1.047675
7.080000	-0.008981	-3.056182	-0.013850	1.056704
7.110000	-0.100666	-3.055105	0.017929	1.061962
7.140000	-0.192319	-3.043025	0.049972	1.063391
7.170000	-0.283610	-3.019946	0.082165	1.060947
7.200000	-0.374209	-2.985913	0.114392	1.054597
7.230000	-0.463786	-2.941008	0.146531	1.044327
7.260000	-0.552016	-2.885354	0.178467	1.030133
7.290000	-0.638577	-2.819112	0.210076	1.012029
7.320000	-0.723150	-2.742483	0.241241	0.990040
7.350000	-0.805425	-2.655705	0.271840	0.964211
7.380000	-0.885096	-2.559054	0.301758	0.934595
7.410000	-0.961867	-2.452842	0.330874	0.901266
7.440000	-1.035453	-2.337418	0.359075	0.864308
7.470000	-1.105575	-2.213164	0.386248	0.823820
7.500000	-1.171970	-2.080495	0.412282	0.779919
7.530000	-1.234385	-1.939859	0.437071	0.732730
7.560000	-1.292581	-1.791732	0.460509	0.682397
7.590000	-1.346333	-1.636623	0.482498	0.629072
7.620000	-1.395431	-1.475063	0.502943	0.572924
7.650000	-1.439683	-1.307611	0.521753	0.514129
7.680000	-1.478912	-1.134849	0.538843	0.452881
7.710000	-1.512957	-0.957380	0.554133	0.389380
7.740000	-1.541678	-0.775825	0.567550	0.323836
7.770000	-1.564953	-0.590823	0.579026	0.256474
7.800000	-1.582678	-0.403029	0.588500	0.187521
7.830000	-1.594769	-0.213108	0.595919	0.117218
7.860000	-1.601162	-0.021735	0.601235	0.045807
7.890000	-1.601814	0.170404	0.604408	-0.026456
7.920000	-1.596702	0.362622	0.605406	-0.099316
7.950000	-1.585823	0.554226	0.604206	-0.172510
7.980000	-1.569196	0.744525	0.600790	-0.245771
8.010000	-1.546861	0.932828	0.595151	-0.318832
8.040000	-1.518876	1.118452	0.587287	-0.391425
8.070000	-1.485322	1.300717	0.577207	-0.463275
8.099999	-1.446301	1.478955	0.564928	-0.534113
8.130000	-1.401932	1.652511	0.550474	-0.603666
8.160000	-1.352357	1.820743	0.533877	-0.671672
8.190000	-1.297735	1.983026	0.515179	-0.737865
8.220000	-1.238244	2.138754	0.494429	-0.801981
8.250000	-1.174081	2.287343	0.471684	-0.863773
8.280000	-1.105461	2.428233	0.447009	-0.922988
8.309999	-1.032614	2.560888	0.420476	-0.979385
8.340000	-0.955787	2.684802	0.392169	-1.032731
8.370000	-0.875243	2.799496	0.362171	-1.082805
8.400000	-0.791258	2.904526	0.330579	-1.129392
8.429999	-0.704122	2.999476	0.297494	-1.172289
8.460000	-0.614138	3.083971	0.263025	-1.211305
8.490000	-0.521619	3.157668	0.227284	-1.246263
8.520000	-0.426889	3.220262	0.190390	-1.276998
8.550000	-0.330281	3.271488	0.152472	-1.303358
8.580000	-0.232136	3.311122	0.113656	-1.325209
8.610000	-0.132803	3.338979	0.074076	-1.342430
8.639999	-0.032633	3.354915	0.033873	-1.354916
8.670000	0.068014	3.358831	-0.006812	-1.362580
8.700000	0.168779	3.350669	-0.047836	-1.365350
8.730000	0.269299	3.330416	-0.089050	-1.363174
8.760000	0.369211	3.298100	-0.130304	-1.356015
8.790000	0.468154	3.253794	-0.171450	-1.343856
8.820000	0.565768	3.197616	-0.212334	-1.326697
8.849999	0.661697	3.129724	-0.252805	-1.304558
8.880000	0.755588	3.050320	-0.292709	-1.277477
8.910000	0.847098	2.959650	-0.331899	-1.245509
8.940000	0.935887	2.857998	-0.370222	-1.208728
8.970000	1.021627	2.745691	-0.407531	-1.167230
9.000000	1.103998	2.623096	-0.443681	-1.121121
9.030000	1.182691	2.490616	-0.478531	-1.070534
9.059999	1.257410	2.348693	-0.511940	-1.015614
9.090000	1.327870	2.197804	-0.543773	-0.956529
9.120000	1.393805	2.038460	-0.573902	-0.893453
9.150000	1.454958	1.871203	-0.602202	-0.826585
9.179999	1.511094	1.696608	-0.628553	-0.756138
9.210000	1.561993	1.515277	-0.652842	-0.682343
9.240000	1.607451	1.327838	-0.674963	-0.605434
9.270000	1.647286	1.134944	-0.694817	-0.525670
9.300000	1.681334	0.937269	-0.712312	-0.443323
9.330000	1.709453	0.735509	-0.727365	-0.358663
9.360000	1.731518	0.530375	-0.739899	-0.271986
9.389999	1.747429	0.322593	-0.749847	-0.183591
9.420000	1.757107	0.112901	-0.757152	-0.093790
9.450000	1.760494	-0.097951	-0.761766	-0.002893
9.480000	1.757555	-0.309211	-0.763648	0.088773
9.510000	1.748279	-0.520117	-0.762770	0.180876
9.540000	1.732676	-0.729911	-0.759110	0.273091
9.570000	1.710778	-0.937832	-0.752661	0.365078
9.599999	1.682643	-1.143125	-0.743423	0.456498
9.630000	1.648350	-1.345042	-0.731406	0.547009
9.660000	1.607998	-1.542844	-0.716631	0.636281
9.690000	1.561713	-1.735804	-0.699130	0.723973
9.719999	1.509639	-1.923210	-0.678945	0.809752
9.750000	1.451943	-2.104367	-0.656128	0.893287
9.780000	1.388812	-2.278600	-0.630739	0.974260
9.809999	1.320454	-2.445257	-0.602851	1.052351
9.840000	1.247096	-2.603712	-0.572548	1.127249
9.870000	1.168985	-2.753363	-0.539918	1.198661
9.900000	1.086384	-2.893641	-0.505061	1.266295
9.929999	0.999575	-3.024007	-0.468089	1.329873
9.960000	0.908854	-3.143956	-0.429120	1.389129
9.990000	0.814536	-3.253019	-0.388277	1.443816
10.020000	0.716945	-3.350763	-0.345697	1.493696
10.050000	0.616422	-3.436796	-0.301522	1.538547
10.080000	0.513318	-3.510767	-0.255897	1.578168
10.110000	0.407995	-3.572365	-0.208980	1.612372
10.139999	0.300824	-3.621325	-0.160931	1.640991
10.170000	0.192185	-3.657424	-0.111919	1.663876
10.200000	0.082462	-3.680486	-0.062111	1.680900
10.229999	-0.027953	-3.690381	-0.011684	1.691953
10.260000	-0.138664	-3.687027	0.039181	1.696948
10.290000	-0.249275	-3.670387	0.090304	1.695820
10.320000	-0.359386	-3.640474	0.141501	1.688525
10.349999	-0.468601	-3.597348	0.192585	1.675042
10.380000	-0.576521	-3.541116	0.243366	1.655372
10.410000	-0.682755	-3.471933	0.293661	1.629537
10.440000	-0.786913	-3.390002	0.343281	1.597584
10.469999	-0.888613	-3.295573	0.392039	1.559583
10.500000	-0.987480	-3.188940	0.439751	1.515628
10.530000	-1.083148	-3.070442	0.486236	1.465829
10.559999	-1.175261	-2.940464	0.531314	1.410325
10.590000	-1.263475	-2.799433	0.574809	1.349276
10.620000	-1.347458	-2.647816	0.616553	1.282858
10.650000	-1.426893	-2.486121	0.656379	1.211275
10.679999	-1.501476	-2.314894	0.694127	1.134747
10.710000	-1.570923	-2.134717	0.729642	1.053519
10.740000	-1.634965	-1.946206	0.762782	0.967846
10.770000	-1.693351	-1.750010	0.793404	0.878009
10.800000	-1.745851	-1.546808	0.821379	0.784308
10.830000	-1.792255	-1.337306	0.846586	0.687047
10.860000	-1.832374	-1.122235	0.868911	0.586558
10.889999	-1.866042	-0.902350	0.888251	0.483182
10.920000	-1.893112	-0.678425	0.904513	0.377278
10.950000	-1.913465	-0.451252	0.917616	0.269206
10.979999	-1.927002	-0.221636	0.927487	0.159347
11.010000	-1.933651	0.009604	0.934068	0.048091
11.040000	-1.933363	0.241642	0.937308	-0.064173
11.070000	-1.926114	0.473646	0.937172	-0.177042
11.099999	-1.911905	0.704780	0.933635	-0.290109
11.130000	-1.890761	0.934208	0.926685	-0.402959
11.160000	-1.862735	1.161100	0.916321	-0.515188
11.190000	-1.827902	1.384628	0.902557	-0.626378
11.219999	-1.786363	1.603976	0.885417	-0.736117
11.250000	-1.738244	1.818340	0.864939	-0.843991
11.280000	-1.683694	2.026929	0.841173	-0.949600
11.309999	-1.622886	2.228972	0.814182	-1.052541
11.340000	-1.556017	2.423718	0.784040	-1.152416
11.370000	-1.483305	2.610440	0.750834	-1.248845
11.400000	-1.404992	2.788437	0.714662	-1.341449
11.429999	-1.321339	2.957036	0.675634	-1.429862
11.460000	-1.232628	3.115597	0.633874	-1.513731
11.490000	-1.139160	3.263512	0.589510	-1.592722
11.520000	-1.041255	3.400212	0.542687	-1.666510
11.550000	-0.939248	3.525162	0.493559	-1.734787
11.580000	-0.833493	3.637872	0.442284	-1.797268
11.610000	-0.724357	3.737891	0.389037	-1.853683
11.639999	-0.612220	3.824814	0.333995	-1.903782
11.670000	-0.497476	3.898281	0.277349	-1.947338
11.700000	-0.380528	3.957978	0.219289	-1.984147
11.729999	-0.261788	4.003641	0.160019	-2.014025
11.759999	-0.141679	4.035056	0.099745	-2.036815
11.790000	-0.020627	4.052057	0.038681	-2.052383
11.820000	0.100934	4.054533	-0.022959	-2.060622
11.849999	0.222570	4.042420	-0.084955	-2.061449
11.880000	0.343843	4.015712	-0.147080	-2.054810
11.910000	0.464314	3.974451	-0.209114	-2.040674
11.940000	0.583548	3.918733	-0.270829	-2.019042
11.969999	0.701110	3.848707	-0.331997	-1.989938
12.000000	0.816571	3.764574	-0.392392	-1.953417
12.030000	0.929508	3.666585	-0.451791	-1.909558
12.059999	1.039506	3.555044	-0.509969	-1.858470
12.090000	1.146157	3.430304	-0.566706	-1.800290
12.120000	1.249066	3.292765	-0.621787	-1.735176
12.150000	1.347849	3.142877	-0.674999	-1.663319
12.179999	1.442135	2.981135	-0.726136	-1.584932
12.210000	1.531569	2.808079	-0.774997	-1.500258
12.240000	1.615812	2.624290	-0.821390	-1.409557
12.270000	1.694540	2.430393	-0.865128	-1.313118
12.300000	1.767452	2.227048	-0.906034	-1.211256
12.330000	1.834264	2.014954	-0.943940	-1.104296
12.360000	1.894712	1.794842	-0.978688	-0.992597
12.389999	1.948557	1.567477	-1.010129	-0.876531
12.420000	1.995582	1.333650	-1.038125	-0.756494
12.450000	2.035591	1.094180	-1.062553	-0.632888
12.479999	2.068417	0.849909	-1.083299	-0.506140
12.509999	2.093914	0.601699	-1.100263	-0.376691
12.540000	2.111965	0.350430	-1.113355	-0.244996
12.570000	2.122478	0.096994	-1.122504	-0.111510
12.599999	2.125387	-0.157703	-1.127648	0.023290
12.630000	2.120656	-0.412750	-1.128743	0.158918
12.660000	2.108274	-0.667229	-1.125755	0.294897
12.690000	2.088257	-0.920222	-1.118670	0.430729
12.719999	2.060650	-1.170812	-1.107483	0.565921
12.750000	2.025526	-1.418090	-1.092211	0.699974
12.780000	1.982983	-1.661153	-1.072878	0.832399
12.809999	1.933148	-1.899111	-1.049528	0.962702
12.840000	1.876175	-2.131089	-1.022221	1.090392
12.870000	1.812243	-2.356230	-0.991027	1.214994
12.900000	1.741556	-2.573699	-0.956034	1.336031
12.929999	1.664345	-2.782686	-0.917344	1.453039
12.960000	1.580864	-2.982408	-0.875074	1.565565
12.990000	1.491392	-3.172111	-0.829351	1.673175
13.020000	1.396228	-3.351078	-0.780320	1.775443
13.049999	1.295696	-3.518626	-0.728136	1.871962
13.080000	1.190137	-3.674109	-0.672970	1.962340
13.110000	1.079914	-3.816926	-0.614999	2.046215
13.139999	0.965406	-3.946516	-0.554417	2.123235
13.170000	0.847011	-4.062364	-0.491428	2.193074
13.200000	0.725140	-4.164005	-0.426242	2.255435
13.229999	0.600220	-4.251022	-0.359082	2.310040
13.259999	0.472689	-4.323048	-0.290179	2.356640
13.290000	0.342998	-4.379771	-0.219774	2.395013
13.320000	0.211605	-4.420930	-0.148109	2.424966
13.349999	0.078977	-4.446323	-0.075438	2.446335
13.380000	-0.054413	-4.455800	-0.002020	2.458987
13.410000	-0.188087	-4.449271	0.071888	2.462819
13.440000	-0.321565	-4.426700	0.146018	2.457758
13.469999	-0.454366	-4.388112	0.220102	2.443766
13.500000	-0.586009	-4.333588	0.293871	2.420836
13.530000	-0.716017	-4.263267	0.367056	2.388992
13.559999	-0.843915	-4.177345	0.439388	2.348293
13.590000	-0.969235	-4.076075	0.510597	2.298830
13.620000	-1.091518	-3.959767	0.580419	2.240722
13.650000	-1.210311	-3.828785	0.648592	2.174128
13.679999	-1.325174	-3.683547	0.714857	2.099234
13.710000	-1.435681	-3.524527	0.778960	2.016259
13.740000	-1.541416	-3.352245	0.840657	1.925450
13.770000	-1.641984	-3.167275	0.899707	1.827088
13.799999	-1.737002	-2.970237	0.955880	1.721480
13.830000	-1.826109	-2.761797	1.008952	1.608968
13.860000	-1.908963	-2.542664	1.058712	1.489908
13.889999	-1.985243	-2.313588	1.104959	1.364695
13.920000	-2.054651	-2.075359	1.147500	1.233747
13.950000	-2.116911	-1.828801	1.186160	1.097495
13.979999	-2.171775	-1.574771	1.220773	0.956403
14.009999	-2.219018	-1.314158	1.251188	0.810954
14.040000	-2.258443	-1.047876	1.277267	0.661650
14.070000	-2.289879	-0.776863	1.298889	0.509001
14.099999	-2.313185	-0.502078	1.315947	0.353544
14.130000	-2.328248	-0.224495	1.328350	0.195829
14.160000	-2.334982	0.054894	1.336025	0.036405
14.190000	-2.333336	0.335092	1.338913	-0.124155
14.219999	-2.323283	0.615093	1.336974	-0.285277
14.250000	-2.304830	0.893886	1.330185	-0.446375
14.280000	-2.278013	1.170466	1.318539	-0.606874
14.309999	-2.242899	1.443828	1.302049	-0.766183
14.340000	-2.199584	1.712975	1.280745	-0.923713
14.370000	-2.148195	1.976926	1.254673	-1.078890
14.400000	-2.088887	2.234709	1.223897	-1.231132
14.429999	-2.021846	2.485375	1.188502	-1.379868
14.460000	-1.947285	2.727997	1.148586	-1.524536
14.490000	-1.865445	2.961671	1.104265	-1.664590
14.520000	-1.776595	3.185525	1.055673	-1.799491
14.549999	-1.681029	3.398716	1.002961	-1.928719
14.580000	-1.579068	3.600440	0.946294	-2.051766
14.610000	-1.471055	3.789928	0.885851	-2.168155
14.639999	-1.357357	3.966454	0.821830	-2.277418
14.670000	-1.238363	4.129337	0.754442	-2.379114
14.700000	-1.114483	4.277941	0.683907	-2.472832
14.729999	-0.986145	4.411679	0.610464	-2.558180
14.759999	-0.853794	4.530016	0.534361	-2.634799
14.790000	-0.717894	4.632471	0.455859	-2.702354
14.820000	-0.578920	4.718618	0.375225	-2.760550
14.849999	-0.437361	4.788089	0.292739	-2.809115
14.880000	-0.293719	4.840572	0.208691	-2.847815
14.910000	-0.148501	4.875819	0.123374	-2.876450
14.940000	-0.002227	4.893639	0.037089	-2.894855
14.969999	0.144582	4.893906	-0.049856	-2.902899
Solution of SHM
Step Size = .0300 Euler Method
0.000000	1.000000	0.000000	0.000000	-0.000000
0.030000	1.000000	-0.120000	-0.001799	0.000072
0.060000	0.996400	-0.240000	-0.003591	0.000576
0.090000	0.989200	-0.359568	-0.005356	0.001509
0.120000	0.978413	-0.478272	-0.007075	0.002867
0.150000	0.964065	-0.595682	-0.008728	0.004641
0.180000	0.946194	-0.711369	-0.010298	0.006821
0.210000	0.924853	-0.824913	-0.011764	0.009392
0.240000	0.900106	-0.935895	-0.013111	0.012337
0.270000	0.872029	-1.043908	-0.014320	0.015636
0.300000	0.840712	-1.148551	-0.015376	0.019266
0.330000	0.806255	-1.249437	-0.016263	0.023203
0.360000	0.768772	-1.346187	-0.016966	0.027418
0.390000	0.728387	-1.438440	-0.017473	0.031881
0.420000	0.685233	-1.525846	-0.017771	0.036560
0.450000	0.639458	-1.608074	-0.017848	0.041421
0.480000	0.591216	-1.684809	-0.017696	0.046426
0.510000	0.540672	-1.755755	-0.017306	0.051539
0.540000	0.487999	-1.820636	-0.016671	0.056720
0.570000	0.433380	-1.879196	-0.015785	0.061929
0.600000	0.377004	-1.931201	-0.014646	0.067123
0.630000	0.319068	-1.976442	-0.013251	0.072261
0.660000	0.259775	-2.014730	-0.011599	0.077300
0.690000	0.199333	-2.045903	-0.009692	0.082196
0.720000	0.137956	-2.069823	-0.007532	0.086906
0.750000	0.075861	-2.086377	-0.005124	0.091387
0.780000	0.013270	-2.095481	-0.002474	0.095597
0.810000	-0.049595	-2.097073	0.000411	0.099494
0.840000	-0.112507	-2.091122	0.003520	0.103035
0.870000	-0.175241	-2.077621	0.006843	0.106182
0.900000	-0.237569	-2.056592	0.010367	0.108897
0.930000	-0.299267	-2.028084	0.014078	0.111141
0.960000	-0.360109	-1.992172	0.017960	0.112881
0.990000	-0.419875	-1.948959	0.021996	0.114083
1.020000	-0.478343	-1.898574	0.026167	0.114716
1.050000	-0.535301	-1.841172	0.030455	0.114754
1.080000	-0.590536	-1.776936	0.034837	0.114169
1.110000	-0.643844	-1.706072	0.039291	0.112941
1.140000	-0.695026	-1.628811	0.043796	0.111049
1.170000	-0.743890	-1.545408	0.048327	0.108478
1.200000	-0.790252	-1.456141	0.052859	0.105214
1.230000	-0.833937	-1.361311	0.057366	0.101250
1.260000	-0.874776	-1.261238	0.061824	0.096577
1.290000	-0.912613	-1.156265	0.066205	0.091195
1.320000	-0.947301	-1.046752	0.070483	0.085106
1.350000	-0.978704	-0.933076	0.074631	0.078316
1.380000	-1.006696	-0.815631	0.078623	0.070833
1.410000	-1.031165	-0.694828	0.082432	0.062672
1.440000	-1.052010	-0.571088	0.086030	0.053849
1.470000	-1.069142	-0.444847	0.089393	0.044386
1.500000	-1.082488	-0.316550	0.092495	0.034310
1.530000	-1.091984	-0.186651	0.095311	0.023647
1.560000	-1.097584	-0.055613	0.097817	0.012431
1.590000	-1.099252	0.076097	0.099989	0.000699
1.620000	-1.096969	0.208007	0.101807	-0.011510
1.650000	-1.090729	0.339643	0.103249	-0.024152
1.680000	-1.080539	0.470531	0.104296	-0.037181
1.710000	-1.066424	0.600196	0.104929	-0.050547
1.740000	-1.048418	0.728166	0.105133	-0.064196
1.770000	-1.026573	0.853976	0.104893	-0.078075
1.800000	-1.000953	0.977165	0.104195	-0.092125
1.830000	-0.971639	1.097280	0.103029	-0.106285
1.860000	-0.938720	1.213876	0.101386	-0.120494
1.890000	-0.902304	1.326523	0.099258	-0.134688
1.920000	-0.862508	1.434799	0.096641	-0.148802
1.950000	-0.819464	1.538300	0.093532	-0.162768
1.980000	-0.773315	1.636636	0.089930	-0.176519
2.010000	-0.724216	1.729434	0.085838	-0.189988
2.040000	-0.672333	1.816340	0.081260	-0.203104
2.070000	-0.617843	1.897020	0.076201	-0.215801
2.100000	-0.560932	1.971161	0.070671	-0.228010
2.130000	-0.501797	2.038473	0.064682	-0.239662
2.160000	-0.440643	2.098688	0.058246	-0.250692
2.190000	-0.377683	2.151566	0.051380	-0.261034
2.220000	-0.313136	2.196887	0.044103	-0.270626
2.250000	-0.247229	2.234464	0.036433	-0.279403
2.280000	-0.180195	2.264131	0.028395	-0.287309
2.310000	-0.112271	2.285754	0.020013	-0.294284
2.340000	-0.043698	2.299227	0.011315	-0.300276
2.370000	0.025278	2.304471	0.002329	-0.305233
2.400000	0.094412	2.301437	-0.006914	-0.309108
2.430000	0.163456	2.290108	-0.016380	-0.311857
2.460000	0.232159	2.270493	-0.026036	-0.313441
2.490000	0.300274	2.242634	-0.035845	-0.313824
2.520000	0.367553	2.206601	-0.045771	-0.312974
2.550000	0.433751	2.162495	-0.055773	-0.310866
2.580000	0.498626	2.110445	-0.065813	-0.307478
2.610000	0.561939	2.050610	-0.075848	-0.302793
2.640000	0.623457	1.983177	-0.085838	-0.296802
2.670000	0.682953	1.908363	-0.095740	-0.289497
2.700000	0.740203	1.826408	-0.105510	-0.280879
2.730000	0.794996	1.737584	-0.115107	-0.270953
2.760000	0.847123	1.642184	-0.124485	-0.259731
2.790000	0.896389	1.540529	-0.133602	-0.247228
2.820000	0.942605	1.432963	-0.142415	-0.233468
2.850000	0.985593	1.319850	-0.150881	-0.218479
2.880000	1.025189	1.201579	-0.158957	-0.202295
2.910000	1.061236	1.078556	-0.166603	-0.184956
2.940000	1.093593	0.951208	-0.173777	-0.166507
2.970000	1.122129	0.819977	-0.180442	-0.147000
3.000000	1.146729	0.685321	-0.186558	-0.126490
3.030000	1.167288	0.547714	-0.192091	-0.105040
3.060000	1.183720	0.407639	-0.197005	-0.082715
3.090000	1.195949	0.265593	-0.201268	-0.059588
3.120000	1.203917	0.122079	-0.204849	-0.035735
3.150000	1.207579	-0.022391	-0.207720	-0.011236
3.180000	1.206907	-0.167300	-0.209856	0.013823
3.210000	1.201888	-0.312129	-0.211233	0.039352
3.240000	1.192524	-0.456356	-0.211830	0.065263
3.270000	1.178834	-0.599459	-0.211630	0.091457
3.300000	1.160850	-0.740919	-0.210617	0.117836
3.330000	1.138622	-0.880221	-0.208781	0.144300
3.360000	1.112216	-1.016855	-0.206112	0.170745
3.390000	1.081710	-1.150321	-0.202605	0.197066
3.420000	1.047200	-1.280127	-0.198257	0.223158
3.450000	1.008797	-1.405791	-0.193071	0.248912
3.480000	0.966623	-1.526846	-0.187051	0.274220
3.510000	0.920818	-1.642841	-0.180205	0.298976
3.540000	0.871532	-1.753339	-0.172544	0.323073
3.570000	0.818932	-1.857923	-0.164084	0.346402
3.600000	0.763195	-1.956195	-0.154843	0.368859
3.630000	0.704509	-2.047778	-0.144843	0.390340
3.660000	0.643075	-2.132319	-0.134110	0.410744
3.690000	0.579106	-2.209488	-0.122673	0.429972
3.720000	0.512821	-2.278980	-0.110563	0.447928
3.750000	0.444452	-2.340519	-0.097816	0.464519
3.780000	0.374236	-2.393853	-0.084471	0.479658
3.810000	0.302421	-2.438761	-0.070568	0.493260
3.840000	0.229258	-2.475052	-0.056152	0.505245
3.870000	0.155006	-2.502563	-0.041271	0.515541
3.900000	0.079929	-2.521163	-0.025974	0.524077
3.930000	0.004294	-2.530755	-0.010312	0.530791
3.960000	-0.071628	-2.531270	0.005658	0.535627
3.990000	-0.147566	-2.522675	0.021881	0.538534
4.020000	-0.223247	-2.504967	0.038299	0.539470
4.050000	-0.298396	-2.478177	0.054852	0.538397
4.080000	-0.372741	-2.442370	0.071477	0.535288
4.110000	-0.446012	-2.397641	0.088111	0.530121
4.140000	-0.517941	-2.344119	0.104693	0.522882
4.170000	-0.588265	-2.281966	0.121156	0.513567
4.200000	-0.656724	-2.211375	0.137435	0.502177
4.230000	-0.723065	-2.132568	0.153466	0.488723
4.260000	-0.787042	-2.045800	0.169182	0.473223
4.290000	-0.848416	-1.951355	0.184519	0.455707
4.320000	-0.906957	-1.849545	0.199412	0.436208
4.350000	-0.962443	-1.740710	0.213796	0.414772
4.380000	-1.014664	-1.625217	0.227610	0.391449
4.410000	-1.063421	-1.503457	0.240793	0.366298
4.440000	-1.108524	-1.375847	0.253282	0.339391
4.470000	-1.149800	-1.242824	0.265022	0.310799
4.500000	-1.187085	-1.104848	0.275954	0.280611
4.530000	-1.220230	-0.962398	0.286027	0.248913
4.560000	-1.249102	-0.815970	0.295188	0.215807
4.590000	-1.273581	-0.666078	0.303390	0.181395
4.620000	-1.293563	-0.513248	0.310586	0.145791
4.650000	-1.308961	-0.358021	0.316735	0.109112
4.680000	-1.319701	-0.200945	0.321799	0.071479
4.710000	-1.325730	-0.042581	0.325741	0.033026
4.740000	-1.327007	0.116506	0.328532	-0.006119
4.770000	-1.323512	0.275747	0.330143	-0.045813
4.800000	-1.315240	0.434569	0.330552	-0.085916
4.830000	-1.302203	0.592397	0.329740	-0.126280
4.860000	-1.284431	0.748662	0.327693	-0.166758
4.890000	-1.261971	0.902793	0.324401	-0.207197
4.920000	-1.234887	1.054230	0.319860	-0.247443
4.950000	-1.203260	1.202416	0.314069	-0.287345
4.980000	-1.167188	1.346807	0.307032	-0.326743
5.010000	-1.126783	1.486870	0.298759	-0.365485
5.040000	-1.082177	1.622084	0.289265	-0.403413
5.070000	-1.033515	1.751945	0.278567	-0.440376
5.100000	-0.980956	1.875967	0.266691	-0.476218
5.130000	-0.924677	1.993682	0.253664	-0.510790
5.160000	-0.864867	2.104643	0.239521	-0.543947
5.190000	-0.801728	2.208427	0.224300	-0.575543
5.220000	-0.735475	2.304634	0.208043	-0.605439
5.250000	-0.666336	2.392891	0.190799	-0.633500
5.280000	-0.594549	2.472852	0.172617	-0.659596
5.310000	-0.520364	2.544198	0.153557	-0.683603
5.340000	-0.444038	2.606641	0.133675	-0.705405
5.370000	-0.365838	2.659926	0.113037	-0.724889
5.400000	-0.286041	2.703826	0.091711	-0.741954
5.430000	-0.204926	2.738151	0.069766	-0.756503
5.460000	-0.122781	2.762742	0.047279	-0.768451
5.490000	-0.039899	2.777476	0.024325	-0.777719
5.520000	0.043425	2.782264	0.000986	-0.784237
5.550000	0.126893	2.777053	-0.022658	-0.787948
5.580000	0.210205	2.761826	-0.046519	-0.788801
5.610000	0.293060	2.736601	-0.070514	-0.786757
5.640000	0.375158	2.701434	-0.094552	-0.781788
5.670000	0.456201	2.656415	-0.118544	-0.773876
5.700000	0.535893	2.601671	-0.142403	-0.763014
5.730000	0.613943	2.537364	-0.166034	-0.749206
5.760000	0.690064	2.463691	-0.189349	-0.732467
5.790000	0.763975	2.380883	-0.212254	-0.712825
5.820000	0.835401	2.289206	-0.234662	-0.690315
5.850000	0.904077	2.188958	-0.256481	-0.664990
5.880000	0.969746	2.080468	-0.277624	-0.636908
5.910000	1.032160	1.964099	-0.298003	-0.606141
5.940000	1.091083	1.840240	-0.317532	-0.572772
5.970000	1.146290	1.709310	-0.336130	-0.536893
6.000000	1.197570	1.571755	-0.353716	-0.498609
6.030000	1.244722	1.428046	-0.370212	-0.458032
6.060000	1.287564	1.278680	-0.385544	-0.415290
6.090000	1.325924	1.124172	-0.399642	-0.370513
6.120000	1.359649	0.965061	-0.412437	-0.323846
6.150000	1.388601	0.801903	-0.423869	-0.275440
6.180000	1.412658	0.635271	-0.433877	-0.225453
6.210000	1.431716	0.465752	-0.442409	-0.174055
6.240000	1.445689	0.293946	-0.449417	-0.121419
6.270000	1.454507	0.120464	-0.454855	-0.067728
6.300000	1.458121	-0.054077	-0.458687	-0.013168
6.330000	1.456499	-0.229052	-0.460879	0.042067
6.360000	1.449627	-0.403832	-0.461405	0.097782
6.390000	1.437512	-0.577787	-0.460244	0.153771
6.420000	1.420179	-0.750289	-0.457382	0.209833
6.450000	1.397670	-0.920710	-0.452810	0.265762
6.480000	1.370049	-1.088430	-0.446526	0.321345
6.510000	1.337396	-1.252836	-0.438533	0.376376
6.540000	1.299811	-1.413324	-0.428844	0.430641
6.570000	1.257411	-1.569301	-0.417474	0.483934
6.600000	1.210332	-1.720191	-0.404448	0.536044
6.630000	1.158726	-1.865430	-0.389795	0.586767
6.660000	1.102763	-2.004478	-0.373553	0.635898
6.690000	1.042629	-2.136809	-0.355764	0.683239
6.720000	0.978525	-2.261925	-0.336476	0.728597
6.750000	0.910667	-2.379348	-0.315746	0.771779
6.780000	0.839287	-2.488628	-0.293634	0.812605
6.810000	0.764628	-2.589342	-0.270208	0.850895
6.840000	0.686948	-2.681098	-0.245539	0.886485
6.870000	0.606515	-2.763531	-0.219707	0.919210
6.900000	0.523609	-2.836313	-0.192793	0.948922
6.930000	0.438519	-2.899146	-0.164887	0.975477
6.960000	0.351545	-2.951768	-0.136081	0.998745
6.990000	0.262992	-2.993954	-0.106471	1.018604
7.020000	0.173173	-3.025513	-0.076159	1.034947
7.050000	0.082408	-3.046293	-0.045249	1.047675
7.080000	-0.008981	-3.056182	-0.013850	1.056704
7.110000	-0.100666	-3.055105	0.017929	1.061962
7.140000	-0.192319	-3.043025	0.049972	1.063391
7.170000	-0.283610	-3.019946	0.082165	1.060947
7.200000	-0.374209	-2.985913	0.114392	1.054597
7.230000	-0.463786	-2.941008	0.146531	1.044327
7.260000	-0.552016	-2.885354	0.178467	1.030133
7.290000	-0.638577	-2.819112	0.210076	1.012029
7.320000	-0.723150	-2.742483	0.241241	0.990040
7.350000	-0.805425	-2.655705	0.271840	0.964211
7.380000	-0.885096	-2.559054	0.301758	0.934595
7.410000	-0.961867	-2.452842	0.330874	0.901266
7.440000	-1.035453	-2.337418	0.359075	0.864308
7.470000	-1.105575	-2.213164	0.386248	0.823820
7.500000	-1.171970	-2.080495	0.412282	0.779919
7.530000	-1.234385	-1.939859	0.437071	0.732730
7.560000	-1.292581	-1.791732	0.460509	0.682397
7.590000	-1.346333	-1.636623	0.482498	0.629072
7.620000	-1.395431	-1.475063	0.502943	0.572924
7.650000	-1.439683	-1.307611	0.521753	0.514129
7.680000	-1.478912	-1.134849	0.538843	0.452881
7.710000	-1.512957	-0.957380	0.554133	0.389380
7.740000	-1.541678	-0.775825	0.567550	0.323836
7.770000	-1.564953	-0.590823	0.579026	0.256474
7.800000	-1.582678	-0.403029	0.588500	0.187521
7.830000	-1.594769	-0.213108	0.595919	0.117218
7.860000	-1.601162	-0.021735	0.601235	0.045807
7.890000	-1.601814	0.170404	0.604408	-0.026456
7.920000	-1.596702	0.362622	0.605406	-0.099316
7.950000	-1.585823	0.554226	0.604206	-0.172510
7.980000	-1.569196	0.744525	0.600790	-0.245771
8.010000	-1.546861	0.932828	0.595151	-0.318832
8.040000	-1.518876	1.118452	0.587287	-0.391425
8.070000	-1.485322	1.300717	0.577207	-0.463275
8.099999	-1.446301	1.478955	0.564928	-0.534113
8.130000	-1.401932	1.652511	0.550474	-0.603666
8.160000	-1.352357	1.820743	0.533877	-0.671672
8.190000	-1.297735	1.983026	0.515179	-0.737865
8.220000	-1.238244	2.138754	0.494429	-0.801981
8.250000	-1.174081	2.287343	0.471684	-0.863773
8.280000	-1.105461	2.428233	0.447009	-0.922988
8.309999	-1.032614	2.560888	0.420476	-0.979385
8.340000	-0.955787	2.684802	0.392169	-1.032731
8.370000	-0.875243	2.799496	0.362171	-1.082805
8.400000	-0.791258	2.904526	0.330579	-1.129392
8.429999	-0.704122	2.999476	0.297494	-1.172289
8.460000	-0.614138	3.083971	0.263025	-1.211305
8.490000	-0.521619	3.157668	0.227284	-1.246263
8.520000	-0.426889	3.220262	0.190390	-1.276998
8.550000	-0.330281	3.271488	0.152472	-1.303358
8.580000	-0.232136	3.311122	0.113656	-1.325209
8.610000	-0.132803	3.338979	0.074076	-1.342430
8.639999	-0.032633	3.354915	0.033873	-1.354916
8.670000	0.068014	3.358831	-0.006812	-1.362580
8.700000	0.168779	3.350669	-0.047836	-1.365350
8.730000	0.269299	3.330416	-0.089050	-1.363174
8.760000	0.369211	3.298100	-0.130304	-1.356015
8.790000	0.468154	3.253794	-0.171450	-1.343856
8.820000	0.565768	3.197616	-0.212334	-1.326697
8.849999	0.661697	3.129724	-0.252805	-1.304558
8.880000	0.755588	3.050320	-0.292709	-1.277477
8.910000	0.847098	2.959650	-0.331899	-1.245509
8.940000	0.935887	2.857998	-0.370222	-1.208728
8.970000	1.021627	2.745691	-0.407531	-1.167230
9.000000	1.103998	2.623096	-0.443681	-1.121121
9.030000	1.182691	2.490616	-0.478531	-1.070534
9.059999	1.257410	2.348693	-0.511940	-1.015614
9.090000	1.327870	2.197804	-0.543773	-0.956529
9.120000	1.393805	2.038460	-0.573902	-0.893453
9.150000	1.454958	1.871203	-0.602202	-0.826585
9.179999	1.511094	1.696608	-0.628553	-0.756138
9.210000	1.561993	1.515277	-0.652842	-0.682343
9.240000	1.607451	1.327838	-0.674963	-0.605434
9.270000	1.647286	1.134944	-0.694817	-0.525670
9.300000	1.681334	0.937269	-0.712312	-0.443323
9.330000	1.709453	0.735509	-0.727365	-0.358663
9.360000	1.731518	0.530375	-0.739899	-0.271986
9.389999	1.747429	0.322593	-0.749847	-0.183591
9.420000	1.757107	0.112901	-0.757152	-0.093790
9.450000	1.760494	-0.097951	-0.761766	-0.002893
9.480000	1.757555	-0.309211	-0.763648	0.088773
9.510000	1.748279	-0.520117	-0.762770	0.180876
9.540000	1.732676	-0.729911	-0.759110	0.273091
9.570000	1.710778	-0.937832	-0.752661	0.365078
9.599999	1.682643	-1.143125	-0.743423	0.456498
9.630000	1.648350	-1.345042	-0.731406	0.547009
9.660000	1.607998	-1.542844	-0.716631	0.636281
9.690000	1.561713	-1.735804	-0.699130	0.723973
9.719999	1.509639	-1.923210	-0.678945	0.809752
9.750000	1.451943	-2.104367	-0.656128	0.893287
9.780000	1.388812	-2.278600	-0.630739	0.974260
9.809999	1.320454	-2.445257	-0.602851	1.052351
9.840000	1.247096	-2.603712	-0.572548	1.127249
9.870000	1.168985	-2.753363	-0.539918	1.198661
9.900000	1.086384	-2.893641	-0.505061	1.266295
9.929999	0.999575	-3.024007	-0.468089	1.329873
9.960000	0.908854	-3.143956	-0.429120	1.389129
9.990000	0.814536	-3.253019	-0.388277	1.443816
10.020000	0.716945	-3.350763	-0.345697	1.493696
10.050000	0.616422	-3.436796	-0.301522	1.538547
10.080000	0.513318	-3.510767	-0.255897	1.578168
10.110000	0.407995	-3.572365	-0.208980	1.612372
10.139999	0.300824	-3.621325	-0.160931	1.640991
10.170000	0.192185	-3.657424	-0.111919	1.663876
10.200000	0.082462	-3.680486	-0.062111	1.680900
10.229999	-0.027953	-3.690381	-0.011684	1.691953
10.260000	-0.138664	-3.687027	0.039181	1.696948
10.290000	-0.249275	-3.670387	0.090304	1.695820
10.320000	-0.359386	-3.640474	0.141501	1.688525
10.349999	-0.468601	-3.597348	0.192585	1.675042
10.380000	-0.576521	-3.541116	0.243366	1.655372
10.410000	-0.682755	-3.471933	0.293661	1.629537
10.440000	-0.786913	-3.390002	0.343281	1.597584
10.469999	-0.888613	-3.295573	0.392039	1.559583
10.500000	-0.987480	-3.188940	0.439751	1.515628
10.530000	-1.083148	-3.070442	0.486236	1.465829
10.559999	-1.175261	-2.940464	0.531314	1.410325
10.590000	-1.263475	-2.799433	0.574809	1.349276
10.620000	-1.347458	-2.647816	0.616553	1.282858
10.650000	-1.426893	-2.486121	0.656379	1.211275
10.679999	-1.501476	-2.314894	0.694127	1.134747
10.710000	-1.570923	-2.134717	0.729642	1.053519
10.740000	-1.634965	-1.946206	0.762782	0.967846
10.770000	-1.693351	-1.750010	0.793404	0.878009
10.800000	-1.745851	-1.546808	0.821379	0.784308
10.830000	-1.792255	-1.337306	0.846586	0.687047
10.860000	-1.832374	-1.122235	0.868911	0.586558
10.889999	-1.866042	-0.902350	0.888251	0.483182
10.920000	-1.893112	-0.678425	0.904513	0.377278
10.950000	-1.913465	-0.451252	0.917616	0.269206
10.979999	-1.927002	-0.221636	0.927487	0.159347
11.010000	-1.933651	0.009604	0.934068	0.048091
11.040000	-1.933363	0.241642	0.937308	-0.064173
11.070000	-1.926114	0.473646	0.937172	-0.177042
11.099999	-1.911905	0.704780	0.933635	-0.290109
11.130000	-1.890761	0.934208	0.926685	-0.402959
11.160000	-1.862735	1.161100	0.916321	-0.515188
11.190000	-1.827902	1.384628	0.902557	-0.626378
11.219999	-1.786363	1.603976	0.885417	-0.736117
11.250000	-1.738244	1.818340	0.864939	-0.843991
11.280000	-1.683694	2.026929	0.841173	-0.949600
11.309999	-1.622886	2.228972	0.814182	-1.052541
11.340000	-1.556017	2.423718	0.784040	-1.152416
11.370000	-1.483305	2.610440	0.750834	-1.248845
11.400000	-1.404992	2.788437	0.714662	-1.341449
11.429999	-1.321339	2.957036	0.675634	-1.429862
11.460000	-1.232628	3.115597	0.633874	-1.513731
11.490000	-1.139160	3.263512	0.589510	-1.592722
11.520000	-1.041255	3.400212	0.542687	-1.666510
11.550000	-0.939248	3.525162	0.493559	-1.734787
11.580000	-0.833493	3.637872	0.442284	-1.797268
11.610000	-0.724357	3.737891	0.389037	-1.853683
11.639999	-0.612220	3.824814	0.333995	-1.903782
11.670000	-0.497476	3.898281	0.277349	-1.947338
11.700000	-0.380528	3.957978	0.219289	-1.984147
11.729999	-0.261788	4.003641	0.160019	-2.014025
11.759999	-0.141679	4.035056	0.099745	-2.036815
11.790000	-0.020627	4.052057	0.038681	-2.052383
11.820000	0.100934	4.054533	-0.022959	-2.060622
11.849999	0.222570	4.042420	-0.084955	-2.061449
11.880000	0.343843	4.015712	-0.147080	-2.054810
11.910000	0.464314	3.974451	-0.209114	-2.040674
11.940000	0.583548	3.918733	-0.270829	-2.019042
11.969999	0.701110	3.848707	-0.331997	-1.989938
12.000000	0.816571	3.764574	-0.392392	-1.953417
12.030000	0.929508	3.666585	-0.451791	-1.909558
12.059999	1.039506	3.555044	-0.509969	-1.858470
12.090000	1.146157	3.430304	-0.566706	-1.800290
12.120000	1.249066	3.292765	-0.621787	-1.735176
12.150000	1.347849	3.142877	-0.674999	-1.663319
12.179999	1.442135	2.981135	-0.726136	-1.584932
12.210000	1.531569	2.808079	-0.774997	-1.500258
12.240000	1.615812	2.624290	-0.821390	-1.409557
12.270000	1.694540	2.430393	-0.865128	-1.313118
12.300000	1.767452	2.227048	-0.906034	-1.211256
12.330000	1.834264	2.014954	-0.943940	-1.104296
12.360000	1.894712	1.794842	-0.978688	-0.992597
12.389999	1.948557	1.567477	-1.010129	-0.876531
12.420000	1.995582	1.333650	-1.038125	-0.756494
12.450000	2.035591	1.094180	-1.062553	-0.632888
12.479999	2.068417	0.849909	-1.083299	-0.506140
12.509999	2.093914	0.601699	-1.100263	-0.376691
12.540000	2.111965	0.350430	-1.113355	-0.244996
12.570000	2.122478	0.096994	-1.122504	-0.111510
12.599999	2.125387	-0.157703	-1.127648	0.023290
12.630000	2.120656	-0.412750	-1.128743	0.158918
12.660000	2.108274	-0.667229	-1.125755	0.294897
12.690000	2.088257	-0.920222	-1.118670	0.430729
12.719999	2.060650	-1.170812	-1.107483	0.565921
12.750000	2.025526	-1.418090	-1.092211	0.699974
12.780000	1.982983	-1.661153	-1.072878	0.832399
12.809999	1.933148	-1.899111	-1.049528	0.962702
12.840000	1.876175	-2.131089	-1.022221	1.090392
12.870000	1.812243	-2.356230	-0.991027	1.214994
12.900000	1.741556	-2.573699	-0.956034	1.336031
12.929999	1.664345	-2.782686	-0.917344	1.453039
12.960000	1.580864	-2.982408	-0.875074	1.565565
12.990000	1.491392	-3.172111	-0.829351	1.673175
13.020000	1.396228	-3.351078	-0.780320	1.775443
13.049999	1.295696	-3.518626	-0.728136	1.871962
13.080000	1.190137	-3.674109	-0.672970	1.962340
13.110000	1.079914	-3.816926	-0.614999	2.046215
13.139999	0.965406	-3.946516	-0.554417	2.123235
13.170000	0.847011	-4.062364	-0.491428	2.193074
13.200000	0.725140	-4.164005	-0.426242	2.255435
13.229999	0.600220	-4.251022	-0.359082	2.310040
13.259999	0.472689	-4.323048	-0.290179	2.356640
13.290000	0.342998	-4.379771	-0.219774	2.395013
13.320000	0.211605	-4.420930	-0.148109	2.424966
13.349999	0.078977	-4.446323	-0.075438	2.446335
13.380000	-0.054413	-4.455800	-0.002020	2.458987
13.410000	-0.188087	-4.449271	0.071888	2.462819
13.440000	-0.321565	-4.426700	0.146018	2.457758
13.469999	-0.454366	-4.388112	0.220102	2.443766
13.500000	-0.586009	-4.333588	0.293871	2.420836
13.530000	-0.716017	-4.263267	0.367056	2.388992
13.559999	-0.843915	-4.177345	0.439388	2.348293
13.590000	-0.969235	-4.076075	0.510597	2.298830
13.620000	-1.091518	-3.959767	0.580419	2.240722
13.650000	-1.210311	-3.828785	0.648592	2.174128
13.679999	-1.325174	-3.683547	0.714857	2.099234
13.710000	-1.435681	-3.524527	0.778960	2.016259
13.740000	-1.541416	-3.352245	0.840657	1.925450
13.770000	-1.641984	-3.167275	0.899707	1.827088
13.799999	-1.737002	-2.970237	0.955880	1.721480
13.830000	-1.826109	-2.761797	1.008952	1.608968
13.860000	-1.908963	-2.542664	1.058712	1.489908
13.889999	-1.985243	-2.313588	1.104959	1.364695
13.920000	-2.054651	-2.075359	1.147500	1.233747
13.950000	-2.116911	-1.828801	1.186160	1.097495
13.979999	-2.171775	-1.574771	1.220773	0.956403
14.009999	-2.219018	-1.314158	1.251188	0.810954
14.040000	-2.258443	-1.047876	1.277267	0.661650
14.070000	-2.289879	-0.776863	1.298889	0.509001
14.099999	-2.313185	-0.502078	1.315947	0.353544
14.130000	-2.328248	-0.224495	1.328350	0.195829
14.160000	-2.334982	0.054894	1.336025	0.036405
14.190000	-2.333336	0.335092	1.338913	-0.124155
14.219999	-2.323283	0.615093	1.336974	-0.285277
14.250000	-2.304830	0.893886	1.330185	-0.446375
14.280000	-2.278013	1.170466	1.318539	-0.606874
14.309999	-2.242899	1.443828	1.302049	-0.766183
14.340000	-2.199584	1.712975	1.280745	-0.923713
14.370000	-2.148195	1.976926	1.254673	-1.078890
14.400000	-2.088887	2.234709	1.223897	-1.231132
14.429999	-2.021846	2.485375	1.188502	-1.379868
14.460000	-1.947285	2.727997	1.148586	-1.524536
14.490000	-1.865445	2.961671	1.104265	-1.664590
14.520000	-1.776595	3.185525	1.055673	-1.799491
14.549999	-1.681029	3.398716	1.002961	-1.928719
14.580000	-1.579068	3.600440	0.946294	-2.051766
14.610000	-1.471055	3.789928	0.885851	-2.168155
14.639999	-1.357357	3.966454	0.821830	-2.277418
14.670000	-1.238363	4.129337	0.754442	-2.379114
14.700000	-1.114483	4.277941	0.683907	-2.472832
14.729999	-0.986145	4.411679	0.610464	-2.558180
14.759999	-0.853794	4.530016	0.534361	-2.634799
14.790000	-0.717894	4.632471	0.455859	-2.702354
14.820000	-0.578920	4.718618	0.375225	-2.760550
14.849999	-0.437361	4.788089	0.292739	-2.809115
14.880000	-0.293719	4.840572	0.208691	-2.847815
14.910000	-0.148501	4.875819	0.123374	-2.876450
14.940000	-0.002227	4.893639	0.037089	-2.894855
14.969999	0.144582	4.893906	-0.049856	-2.902899
Solution of SHM
Step Size = .0300 Euler Method
Time	y	v	Δy	Δv
