Solution of SHM
Step Size = .0600 Euler Method
0.000000	1.000000	0.000000	0.000000	-0.000000
0.060000	1.000000	-0.240000	-0.007191	0.000576
0.120000	0.985600	-0.480000	-0.014262	0.004595
0.180000	0.956800	-0.716544	-0.020903	0.011996
0.240000	0.913807	-0.946176	-0.026812	0.022618
0.300000	0.857037	-1.165490	-0.031701	0.036205
0.360000	0.787107	-1.371179	-0.035302	0.052409
0.420000	0.704837	-1.560084	-0.037374	0.070798
0.480000	0.611232	-1.729245	-0.037712	0.090862
0.540000	0.507477	-1.875941	-0.036149	0.112025
0.600000	0.394921	-1.997735	-0.032563	0.133657
0.660000	0.275056	-2.092516	-0.026881	0.155086
0.720000	0.149505	-2.158530	-0.019082	0.175613
0.780000	0.019994	-2.194411	-0.009197	0.194528
0.840000	-0.111671	-2.199209	0.002684	0.211123
0.900000	-0.243624	-2.172408	0.016422	0.224713
0.960000	-0.373968	-2.113939	0.031818	0.234648
1.020000	-0.500804	-2.024186	0.048628	0.240329
1.080000	-0.622256	-1.903993	0.066556	0.241226
1.140000	-0.736495	-1.754652	0.085265	0.236890
1.200000	-0.841774	-1.577893	0.104381	0.226966
1.260000	-0.936448	-1.375867	0.123496	0.211206
1.320000	-1.019000	-1.151120	0.142182	0.189474
1.380000	-1.088067	-0.906560	0.159994	0.161762
1.440000	-1.142461	-0.645424	0.176481	0.128185
1.500000	-1.181186	-0.371233	0.191194	0.088993
1.560000	-1.203460	-0.087749	0.203693	0.044566
1.620000	-1.208725	0.201082	0.213563	-0.004585
1.680000	-1.196660	0.491176	0.220416	-0.057826
1.740000	-1.167189	0.778374	0.223905	-0.114404
1.800000	-1.120487	1.058500	0.223729	-0.173459
1.860000	-1.056977	1.327417	0.219643	-0.234035
1.920000	-0.977332	1.581091	0.211465	-0.295094
1.980000	-0.882467	1.815651	0.199082	-0.355534
2.040000	-0.773528	2.027443	0.182454	-0.414207
2.100000	-0.651881	2.213089	0.161620	-0.469938
2.160000	-0.519096	2.369541	0.136698	-0.521545
2.220000	-0.376923	2.494124	0.107890	-0.567862
2.280000	-0.227276	2.584585	0.075476	-0.607763
2.340000	-0.072201	2.639131	0.039817	-0.640180
2.400000	0.086147	2.656459	0.001351	-0.664130
2.460000	0.245535	2.635784	-0.039412	-0.678732
2.520000	0.403682	2.576856	-0.081900	-0.683228
2.580000	0.558293	2.479972	-0.125480	-0.677004
2.640000	0.707092	2.345982	-0.169473	-0.659606
2.700000	0.847850	2.176280	-0.213157	-0.630751
2.760000	0.978427	1.972795	-0.255789	-0.590342
2.820000	1.096795	1.737973	-0.296606	-0.538478
2.880000	1.201073	1.474742	-0.334841	-0.475458
2.940000	1.289558	1.186485	-0.369742	-0.401783
3.000000	1.360747	0.876991	-0.400577	-0.318160
3.060000	1.413366	0.550411	-0.426652	-0.225487
3.120000	1.446391	0.211204	-0.447323	-0.124859
3.180000	1.459063	-0.135930	-0.462012	-0.017547
3.240000	1.450907	-0.486105	-0.470213	0.095012
3.300000	1.421741	-0.834323	-0.471508	0.211241
3.360000	1.371682	-1.175541	-0.465578	0.329431
3.420000	1.301149	-1.504745	-0.452206	0.447776
3.480000	1.210864	-1.817020	-0.431293	0.564394
3.540000	1.101843	-2.107628	-0.402855	0.677362
3.600000	0.975386	-2.372070	-0.367034	0.784735
3.660000	0.833061	-2.606163	-0.324096	0.884588
3.720000	0.676692	-2.806098	-0.274434	0.975045
3.780000	0.508326	-2.968503	-0.218560	1.054308
3.840000	0.330216	-3.090502	-0.157110	1.120695
3.900000	0.144785	-3.169753	-0.090830	1.172667
3.960000	-0.045400	-3.204502	-0.020570	1.208859
4.020000	-0.237670	-3.193606	0.052722	1.228109
4.080000	-0.429286	-3.136565	0.128022	1.229484
4.140000	-0.617480	-3.033536	0.204232	1.212299
4.200000	-0.799492	-2.885341	0.280204	1.176143
4.260000	-0.972613	-2.693463	0.354753	1.120887
4.320000	-1.134220	-2.460036	0.426676	1.046699
4.380000	-1.281823	-2.187823	0.494769	0.954055
4.440000	-1.413092	-1.880186	0.557850	0.843729
4.500000	-1.525903	-1.541044	0.614773	0.716807
4.560000	-1.618366	-1.174827	0.664452	0.574664
4.620000	-1.688855	-0.786419	0.705878	0.418962
4.680000	-1.736041	-0.381094	0.738138	0.251628
4.740000	-1.758906	0.035556	0.760431	0.074831
4.800000	-1.756773	0.457694	0.772085	-0.109041
4.860000	-1.729311	0.879319	0.772573	-0.297416
4.920000	-1.676552	1.294354	0.761525	-0.487567
4.980000	-1.598891	1.696726	0.738735	-0.676662
5.040000	-1.497087	2.080460	0.704175	-0.861790
5.100000	-1.372260	2.439761	0.657994	-1.040012
5.160000	-1.225874	2.769103	0.600528	-1.208408
5.220000	-1.059728	3.063313	0.532296	-1.364118
5.280000	-0.875929	3.317648	0.453997	-1.504392
5.340000	-0.676870	3.527871	0.366507	-1.626634
5.400000	-0.465198	3.690320	0.270868	-1.728447
5.460000	-0.243779	3.801967	0.168276	-1.807676
5.520000	-0.015661	3.860474	0.060072	-1.862447
5.580000	0.215968	3.864233	-0.052282	-1.891208
5.640000	0.447822	3.812401	-0.167216	-1.892755
5.700000	0.676566	3.704923	-0.283075	-1.866266
5.760000	0.898861	3.542548	-0.398146	-1.811324
5.820000	1.111414	3.326821	-0.510675	-1.727931
5.880000	1.311023	3.060082	-0.618901	-1.616521
5.940000	1.494628	2.745436	-0.721077	-1.477969
6.000000	1.659354	2.386725	-0.815500	-1.313580
6.060000	1.802558	1.988480	-0.900538	-1.125091
6.120000	1.921867	1.555866	-0.974655	-0.914651
6.180000	2.015219	1.094619	-1.036438	-0.684800
6.240000	2.080896	0.610966	-1.084624	-0.438439
6.300000	2.117554	0.111551	-1.118119	-0.178796
6.360000	2.124247	-0.396662	-1.136025	0.090612
6.420000	2.100447	-0.906481	-1.137651	0.366026
6.480000	2.046059	-1.410589	-1.122536	0.643503
6.540000	1.961423	-1.901643	-1.090456	0.918960
6.600000	1.847325	-2.372384	-1.041441	1.188237
6.660000	1.704982	-2.815742	-0.975771	1.447163
6.720000	1.536037	-3.224938	-0.893989	1.691610
6.780000	1.342541	-3.593587	-0.796889	1.917564
6.840000	1.126926	-3.915797	-0.685518	2.121184
6.900000	0.891978	-4.186259	-0.561163	2.298868
6.960000	0.640803	-4.400333	-0.425339	2.447310
7.020000	0.376783	-4.554126	-0.279768	2.563560
7.080000	0.103535	-4.644554	-0.126366	2.645075
7.140000	-0.175138	-4.669402	0.032790	2.689769
7.200000	-0.455302	-4.627369	0.195485	2.696053
7.260000	-0.732944	-4.518096	0.359395	2.662876
7.320000	-1.004030	-4.342190	0.522121	2.589748
7.380000	-1.264562	-4.101223	0.681224	2.476764
7.440000	-1.510635	-3.797728	0.834257	2.324617
7.500000	-1.738499	-3.435175	0.978811	2.134600
7.560000	-1.944609	-3.017936	1.112537	1.908601
7.620000	-2.125685	-2.551229	1.233196	1.649090
7.680000	-2.278759	-2.041065	1.338690	1.359097
7.740000	-2.401223	-1.494163	1.427094	1.042174
7.800000	-2.490873	-0.917869	1.496695	0.702361
7.860000	-2.545945	-0.320060	1.546017	0.344131
7.920000	-2.565148	0.290967	1.573852	-0.027662
7.980000	-2.547690	0.906602	1.579284	-0.407849
8.040000	-2.493294	1.518048	1.561705	-0.791021
8.099999	-2.402211	2.116439	1.520838	-1.171597
8.160000	-2.275225	2.692969	1.456745	-1.543898
8.220000	-2.113647	3.239023	1.369833	-1.902250
8.280000	-1.919306	3.746299	1.260854	-2.241053
8.340000	-1.694528	4.206932	1.130910	-2.554861
8.400000	-1.442112	4.613619	0.981432	-2.838485
8.460000	-1.165295	4.959726	0.814182	-3.087060
8.520000	-0.867711	5.239397	0.631213	-3.296133
8.580000	-0.553347	5.447647	0.434867	-3.461734
8.639999	-0.226488	5.580451	0.227728	-3.580452
8.700000	0.108339	5.634808	0.012605	-3.649489
8.760000	0.446427	5.608806	-0.207519	-3.666722
8.820000	0.782955	5.501664	-0.429521	-3.630745
8.880000	1.113055	5.313755	-0.650176	-3.540912
8.940000	1.431880	5.046621	-0.866215	-3.397351
9.000000	1.734678	4.702970	-1.074361	-3.200996
9.059999	2.016856	4.286647	-1.271386	-2.953568
9.120000	2.274055	3.802602	-1.454153	-2.657595
9.179999	2.502211	3.256829	-1.619670	-2.316358
9.240000	2.697621	2.656298	-1.765133	-1.933895
9.300000	2.856998	2.008869	-1.887976	-1.514923
9.360000	2.977530	1.323190	-1.985911	-1.064801
9.420000	3.056922	0.608582	-2.056968	-0.589471
9.480000	3.093437	-0.125079	-2.099530	-0.095359
9.540000	3.085932	-0.867504	-2.112367	0.410684
9.599999	3.033882	-1.608128	-2.094661	0.921500
9.660000	2.937394	-2.336259	-2.046027	1.429696
9.719999	2.797219	-3.041234	-1.966525	1.927776
9.780000	2.614745	-3.712566	-1.856672	2.408226
9.840000	2.391991	-4.340105	-1.717443	2.863643
9.900000	2.131584	-4.914183	-1.550262	3.286836
9.960000	1.836733	-5.425763	-1.356999	3.670936
10.020000	1.511188	-5.866579	-1.139939	4.009512
10.080000	1.159193	-6.229264	-0.901772	4.296666
10.139999	0.785437	-6.507471	-0.645544	4.527137
10.200000	0.394989	-6.695975	-0.374638	4.696390
10.260000	-0.006770	-6.790772	-0.092714	4.800694
10.320000	-0.414216	-6.789148	0.196331	4.837199
10.380000	-0.821565	-6.689736	0.488410	4.803992
10.440000	-1.222949	-6.492560	0.779317	4.700142
10.500000	-1.612503	-6.199053	1.064773	4.525742
10.559999	-1.984446	-5.812052	1.340498	4.281913
10.620000	-2.333169	-5.335785	1.602263	3.970828
10.679999	-2.653316	-4.775825	1.845966	3.595678
10.740000	-2.939865	-4.139030	2.067682	3.160670
10.800000	-3.188207	-3.433462	2.263735	2.670962
10.860000	-3.394215	-2.668292	2.430751	2.132615
10.920000	-3.554312	-1.853681	2.565714	1.552534
10.979999	-3.665533	-1.000646	2.666018	0.938357
11.040000	-3.725572	-0.120918	2.729517	0.298387
11.099999	-3.732827	0.773219	2.754557	-0.358549
11.160000	-3.686434	1.669098	2.740020	-1.023186
11.219999	-3.586288	2.553842	2.685342	-1.685983
11.280000	-3.433058	3.414551	2.590537	-2.337223
11.340000	-3.228185	4.238485	2.456208	-2.967183
11.400000	-2.973876	5.013249	2.283545	-3.566261
11.460000	-2.673080	5.726979	2.074326	-4.125114
11.520000	-2.329462	6.368518	1.830894	-4.634817
11.580000	-1.947350	6.927589	1.556141	-5.086985
11.639999	-1.531695	7.394953	1.253470	-5.473922
11.700000	-1.087998	7.762560	0.926760	-5.788729
11.759999	-0.622244	8.023680	0.580310	-6.025439
11.820000	-0.140824	8.173018	0.218799	-6.179108
11.880000	0.349558	8.206816	-0.152795	-6.245914
11.940000	0.841966	8.122922	-0.529247	-6.223231
12.000000	1.329342	7.920850	-0.905163	-6.109693
12.059999	1.804593	7.601808	-1.275056	-5.905233
12.120000	2.260701	7.168705	-1.633422	-5.611117
12.179999	2.690824	6.626137	-1.974825	-5.229934
12.240000	3.088392	5.980340	-2.293970	-4.765606
12.300000	3.447212	5.239125	-2.585794	-4.223333
12.360000	3.761560	4.411794	-2.845535	-3.609549
12.420000	4.026268	3.509020	-3.068811	-2.931864
12.479999	4.236809	2.542716	-3.251692	-2.198947
12.540000	4.389372	1.525881	-3.390762	-1.420448
12.599999	4.480925	0.472432	-3.483186	-0.606846
12.660000	4.509271	-0.602990	-3.526752	0.230658
12.719999	4.473091	-1.685215	-3.519924	1.080324
12.780000	4.371978	-2.758757	-3.461873	1.930003
12.840000	4.206453	-3.808032	-3.352499	2.767334
12.900000	3.977971	-4.817580	-3.192450	3.579911
12.960000	3.688916	-5.772293	-2.983126	4.355451
13.020000	3.342579	-6.657633	-2.726670	5.081997
13.080000	2.943121	-7.459852	-2.425954	5.748083
13.139999	2.495530	-8.166201	-2.084541	6.342920
13.200000	2.005558	-8.765128	-1.706659	6.856558
13.259999	1.479650	-9.246462	-1.297140	7.280054
13.320000	0.924862	-9.601578	-0.861367	7.605613
13.380000	0.348767	-9.823545	-0.405200	7.826732
13.440000	-0.240645	-9.907248	0.065098	7.938306
13.500000	-0.835080	-9.849494	0.542941	7.936742
13.559999	-1.426050	-9.649075	1.021523	7.820022
13.620000	-2.004994	-9.306823	1.493896	7.587778
13.679999	-2.563404	-8.825624	1.953086	7.241311
13.740000	-3.092941	-8.210407	2.392181	6.783613
13.799999	-3.585566	-7.468102	2.804444	6.219345
13.860000	-4.033652	-6.607566	3.183401	5.554811
13.920000	-4.430106	-5.639490	3.522955	4.797878
13.979999	-4.768475	-4.576264	3.817473	3.957896
14.040000	-5.043051	-3.431830	4.061874	3.045604
14.099999	-5.248960	-2.221498	4.251722	2.072965
14.160000	-5.382250	-0.961748	4.383293	1.053047
14.219999	-5.439955	0.329992	4.453646	-0.000176
14.280000	-5.420156	1.635581	4.460681	-1.071989
14.340000	-5.322021	2.936419	4.403181	-2.147156
14.400000	-5.145835	4.213704	4.280845	-3.210126
14.460000	-4.893013	5.448704	4.094314	-4.245243
14.520000	-4.566091	6.623027	3.845169	-5.236994
14.580000	-4.168709	7.718889	3.535935	-6.170216
14.639999	-3.705575	8.719379	3.170049	-7.030343
14.700000	-3.182413	9.608718	2.751837	-7.803609
14.759999	-2.605890	10.372497	2.286456	-8.477279
14.820000	-1.983540	10.997910	1.779845	-9.039842
14.880000	-1.323665	11.473960	1.238638	-9.481203
14.940000	-0.635228	11.791639	0.670089	-9.792855
Solution of SHM
Step Size = .0600 Euler Method
Time	y	v	Δy	Δv
0.000000	1.000000	0.000000	0.000000	-0.000000
0.060000	1.000000	-0.240000	-0.007191	0.000576
0.120000	0.985600	-0.480000	-0.014262	0.004595
0.180000	0.956800	-0.716544	-0.020903	0.011996
0.240000	0.913807	-0.946176	-0.026812	0.022618
0.300000	0.857037	-1.165490	-0.031701	0.036205
0.360000	0.787107	-1.371179	-0.035302	0.052409
0.420000	0.704837	-1.560084	-0.037374	0.070798
0.480000	0.611232	-1.729245	-0.037712	0.090862
0.540000	0.507477	-1.875941	-0.036149	0.112025
0.600000	0.394921	-1.997735	-0.032563	0.133657
0.660000	0.275056	-2.092516	-0.026881	0.155086
0.720000	0.149505	-2.158530	-0.019082	0.175613
0.780000	0.019994	-2.194411	-0.009197	0.194528
0.840000	-0.111671	-2.199209	0.002684	0.211123
0.900000	-0.243624	-2.172408	0.016422	0.224713
0.960000	-0.373968	-2.113939	0.031818	0.234648
1.020000	-0.500804	-2.024186	0.048628	0.240329
1.080000	-0.622256	-1.903993	0.066556	0.241226
1.140000	-0.736495	-1.754652	0.085265	0.236890
1.200000	-0.841774	-1.577893	0.104381	0.226966
1.260000	-0.936448	-1.375867	0.123496	0.211206
1.320000	-1.019000	-1.151120	0.142182	0.189474
1.380000	-1.088067	-0.906560	0.159994	0.161762
1.440000	-1.142461	-0.645424	0.176481	0.128185
1.500000	-1.181186	-0.371233	0.191194	0.088993
1.560000	-1.203460	-0.087749	0.203693	0.044566
1.620000	-1.208725	0.201082	0.213563	-0.004585
1.680000	-1.196660	0.491176	0.220416	-0.057826
1.740000	-1.167189	0.778374	0.223905	-0.114404
1.800000	-1.120487	1.058500	0.223729	-0.173459
1.860000	-1.056977	1.327417	0.219643	-0.234035
1.920000	-0.977332	1.581091	0.211465	-0.295094
1.980000	-0.882467	1.815651	0.199082	-0.355534
2.040000	-0.773528	2.027443	0.182454	-0.414207
2.100000	-0.651881	2.213089	0.161620	-0.469938
2.160000	-0.519096	2.369541	0.136698	-0.521545
2.220000	-0.376923	2.494124	0.107890	-0.567862
2.280000	-0.227276	2.584585	0.075476	-0.607763
2.340000	-0.072201	2.639131	0.039817	-0.640180
2.400000	0.086147	2.656459	0.001351	-0.664130
2.460000	0.245535	2.635784	-0.039412	-0.678732
2.520000	0.403682	2.576856	-0.081900	-0.683228
2.580000	0.558293	2.479972	-0.125480	-0.677004
2.640000	0.707092	2.345982	-0.169473	-0.659606
2.700000	0.847850	2.176280	-0.213157	-0.630751
2.760000	0.978427	1.972795	-0.255789	-0.590342
2.820000	1.096795	1.737973	-0.296606	-0.538478
2.880000	1.201073	1.474742	-0.334841	-0.475458
2.940000	1.289558	1.186485	-0.369742	-0.401783
3.000000	1.360747	0.876991	-0.400577	-0.318160
3.060000	1.413366	0.550411	-0.426652	-0.225487
3.120000	1.446391	0.211204	-0.447323	-0.124859
3.180000	1.459063	-0.135930	-0.462012	-0.017547
3.240000	1.450907	-0.486105	-0.470213	0.095012
3.300000	1.421741	-0.834323	-0.471508	0.211241
3.360000	1.371682	-1.175541	-0.465578	0.329431
3.420000	1.301149	-1.504745	-0.452206	0.447776
3.480000	1.210864	-1.817020	-0.431293	0.564394
3.540000	1.101843	-2.107628	-0.402855	0.677362
3.600000	0.975386	-2.372070	-0.367034	0.784735
3.660000	0.833061	-2.606163	-0.324096	0.884588
3.720000	0.676692	-2.806098	-0.274434	0.975045
3.780000	0.508326	-2.968503	-0.218560	1.054308
3.840000	0.330216	-3.090502	-0.157110	1.120695
3.900000	0.144785	-3.169753	-0.090830	1.172667
3.960000	-0.045400	-3.204502	-0.020570	1.208859
4.020000	-0.237670	-3.193606	0.052722	1.228109
4.080000	-0.429286	-3.136565	0.128022	1.229484
4.140000	-0.617480	-3.033536	0.204232	1.212299
4.200000	-0.799492	-2.885341	0.280204	1.176143
4.260000	-0.972613	-2.693463	0.354753	1.120887
4.320000	-1.134220	-2.460036	0.426676	1.046699
4.380000	-1.281823	-2.187823	0.494769	0.954055
4.440000	-1.413092	-1.880186	0.557850	0.843729
4.500000	-1.525903	-1.541044	0.614773	0.716807
4.560000	-1.618366	-1.174827	0.664452	0.574664
4.620000	-1.688855	-0.786419	0.705878	0.418962
4.680000	-1.736041	-0.381094	0.738138	0.251628
4.740000	-1.758906	0.035556	0.760431	0.074831
4.800000	-1.756773	0.457694	0.772085	-0.109041
4.860000	-1.729311	0.879319	0.772573	-0.297416
4.920000	-1.676552	1.294354	0.761525	-0.487567
4.980000	-1.598891	1.696726	0.738735	-0.676662
5.040000	-1.497087	2.080460	0.704175	-0.861790
5.100000	-1.372260	2.439761	0.657994	-1.040012
5.160000	-1.225874	2.769103	0.600528	-1.208408
5.220000	-1.059728	3.063313	0.532296	-1.364118
5.280000	-0.875929	3.317648	0.453997	-1.504392
5.340000	-0.676870	3.527871	0.366507	-1.626634
5.400000	-0.465198	3.690320	0.270868	-1.728447
5.460000	-0.243779	3.801967	0.168276	-1.807676
5.520000	-0.015661	3.860474	0.060072	-1.862447
5.580000	0.215968	3.864233	-0.052282	-1.891208
5.640000	0.447822	3.812401	-0.167216	-1.892755
5.700000	0.676566	3.704923	-0.283075	-1.866266
5.760000	0.898861	3.542548	-0.398146	-1.811324
5.820000	1.111414	3.326821	-0.510675	-1.727931
5.880000	1.311023	3.060082	-0.618901	-1.616521
5.940000	1.494628	2.745436	-0.721077	-1.477969
6.000000	1.659354	2.386725	-0.815500	-1.313580
6.060000	1.802558	1.988480	-0.900538	-1.125091
6.120000	1.921867	1.555866	-0.974655	-0.914651
6.180000	2.015219	1.094619	-1.036438	-0.684800
6.240000	2.080896	0.610966	-1.084624	-0.438439
6.300000	2.117554	0.111551	-1.118119	-0.178796
6.360000	2.124247	-0.396662	-1.136025	0.090612
6.420000	2.100447	-0.906481	-1.137651	0.366026
6.480000	2.046059	-1.410589	-1.122536	0.643503
6.540000	1.961423	-1.901643	-1.090456	0.918960
6.600000	1.847325	-2.372384	-1.041441	1.188237
6.660000	1.704982	-2.815742	-0.975771	1.447163
6.720000	1.536037	-3.224938	-0.893989	1.691610
6.780000	1.342541	-3.593587	-0.796889	1.917564
6.840000	1.126926	-3.915797	-0.685518	2.121184
6.900000	0.891978	-4.186259	-0.561163	2.298868
6.960000	0.640803	-4.400333	-0.425339	2.447310
7.020000	0.376783	-4.554126	-0.279768	2.563560
7.080000	0.103535	-4.644554	-0.126366	2.645075
7.140000	-0.175138	-4.669402	0.032790	2.689769
7.200000	-0.455302	-4.627369	0.195485	2.696053
7.260000	-0.732944	-4.518096	0.359395	2.662876
7.320000	-1.004030	-4.342190	0.522121	2.589748
7.380000	-1.264562	-4.101223	0.681224	2.476764
7.440000	-1.510635	-3.797728	0.834257	2.324617
7.500000	-1.738499	-3.435175	0.978811	2.134600
7.560000	-1.944609	-3.017936	1.112537	1.908601
7.620000	-2.125685	-2.551229	1.233196	1.649090
7.680000	-2.278759	-2.041065	1.338690	1.359097
7.740000	-2.401223	-1.494163	1.427094	1.042174
7.800000	-2.490873	-0.917869	1.496695	0.702361
7.860000	-2.545945	-0.320060	1.546017	0.344131
7.920000	-2.565148	0.290967	1.573852	-0.027662
7.980000	-2.547690	0.906602	1.579284	-0.407849
8.040000	-2.493294	1.518048	1.561705	-0.791021
8.099999	-2.402211	2.116439	1.520838	-1.171597
8.160000	-2.275225	2.692969	1.456745	-1.543898
8.220000	-2.113647	3.239023	1.369833	-1.902250
8.280000	-1.919306	3.746299	1.260854	-2.241053
8.340000	-1.694528	4.206932	1.130910	-2.554861
8.400000	-1.442112	4.613619	0.981432	-2.838485
8.460000	-1.165295	4.959726	0.814182	-3.087060
8.520000	-0.867711	5.239397	0.631213	-3.296133
8.580000	-0.553347	5.447647	0.434867	-3.461734
8.639999	-0.226488	5.580451	0.227728	-3.580452
8.700000	0.108339	5.634808	0.012605	-3.649489
8.760000	0.446427	5.608806	-0.207519	-3.666722
8.820000	0.782955	5.501664	-0.429521	-3.630745
8.880000	1.113055	5.313755	-0.650176	-3.540912
8.940000	1.431880	5.046621	-0.866215	-3.397351
9.000000	1.734678	4.702970	-1.074361	-3.200996
9.059999	2.016856	4.286647	-1.271386	-2.953568
9.120000	2.274055	3.802602	-1.454153	-2.657595
9.179999	2.502211	3.256829	-1.619670	-2.316358
9.240000	2.697621	2.656298	-1.765133	-1.933895
9.300000	2.856998	2.008869	-1.887976	-1.514923
9.360000	2.977530	1.323190	-1.985911	-1.064801
9.420000	3.056922	0.608582	-2.056968	-0.589471
9.480000	3.093437	-0.125079	-2.099530	-0.095359
9.540000	3.085932	-0.867504	-2.112367	0.410684
9.599999	3.033882	-1.608128	-2.094661	0.921500
9.660000	2.937394	-2.336259	-2.046027	1.429696
9.719999	2.797219	-3.041234	-1.966525	1.927776
9.780000	2.614745	-3.712566	-1.856672	2.408226
9.840000	2.391991	-4.340105	-1.717443	2.863643
9.900000	2.131584	-4.914183	-1.550262	3.286836
9.960000	1.836733	-5.425763	-1.356999	3.670936
10.020000	1.511188	-5.866579	-1.139939	4.009512
10.080000	1.159193	-6.229264	-0.901772	4.296666
10.139999	0.785437	-6.507471	-0.645544	4.527137
10.200000	0.394989	-6.695975	-0.374638	4.696390
10.260000	-0.006770	-6.790772	-0.092714	4.800694
10.320000	-0.414216	-6.789148	0.196331	4.837199
10.380000	-0.821565	-6.689736	0.488410	4.803992
10.440000	-1.222949	-6.492560	0.779317	4.700142
10.500000	-1.612503	-6.199053	1.064773	4.525742
10.559999	-1.984446	-5.812052	1.340498	4.281913
10.620000	-2.333169	-5.335785	1.602263	3.970828
10.679999	-2.653316	-4.775825	1.845966	3.595678
10.740000	-2.939865	-4.139030	2.067682	3.160670
10.800000	-3.188207	-3.433462	2.263735	2.670962
10.860000	-3.394215	-2.668292	2.430751	2.132615
10.920000	-3.554312	-1.853681	2.565714	1.552534
10.979999	-3.665533	-1.000646	2.666018	0.938357
11.040000	-3.725572	-0.120918	2.729517	0.298387
11.099999	-3.732827	0.773219	2.754557	-0.358549
11.160000	-3.686434	1.669098	2.740020	-1.023186
11.219999	-3.586288	2.553842	2.685342	-1.685983
11.280000	-3.433058	3.414551	2.590537	-2.337223
11.340000	-3.228185	4.238485	2.456208	-2.967183
11.400000	-2.973876	5.013249	2.283545	-3.566261
11.460000	-2.673080	5.726979	2.074326	-4.125114
11.520000	-2.329462	6.368518	1.830894	-4.634817
11.580000	-1.947350	6.927589	1.556141	-5.086985
11.639999	-1.531695	7.394953	1.253470	-5.473922
11.700000	-1.087998	7.762560	0.926760	-5.788729
11.759999	-0.622244	8.023680	0.580310	-6.025439
11.820000	-0.140824	8.173018	0.218799	-6.179108
11.880000	0.349558	8.206816	-0.152795	-6.245914
11.940000	0.841966	8.122922	-0.529247	-6.223231
12.000000	1.329342	7.920850	-0.905163	-6.109693
12.059999	1.804593	7.601808	-1.275056	-5.905233
12.120000	2.260701	7.168705	-1.633422	-5.611117
12.179999	2.690824	6.626137	-1.974825	-5.229934
12.240000	3.088392	5.980340	-2.293970	-4.765606
12.300000	3.447212	5.239125	-2.585794	-4.223333
12.360000	3.761560	4.411794	-2.845535	-3.609549
12.420000	4.026268	3.509020	-3.068811	-2.931864
12.479999	4.236809	2.542716	-3.251692	-2.198947
12.540000	4.389372	1.525881	-3.390762	-1.420448
12.599999	4.480925	0.472432	-3.483186	-0.606846
12.660000	4.509271	-0.602990	-3.526752	0.230658
12.719999	4.473091	-1.685215	-3.519924	1.080324
12.780000	4.371978	-2.758757	-3.461873	1.930003
12.840000	4.206453	-3.808032	-3.352499	2.767334
12.900000	3.977971	-4.817580	-3.192450	3.579911
12.960000	3.688916	-5.772293	-2.983126	4.355451
13.020000	3.342579	-6.657633	-2.726670	5.081997
13.080000	2.943121	-7.459852	-2.425954	5.748083
13.139999	2.495530	-8.166201	-2.084541	6.342920
13.200000	2.005558	-8.765128	-1.706659	6.856558
13.259999	1.479650	-9.246462	-1.297140	7.280054
13.320000	0.924862	-9.601578	-0.861367	7.605613
13.380000	0.348767	-9.823545	-0.405200	7.826732
13.440000	-0.240645	-9.907248	0.065098	7.938306
13.500000	-0.835080	-9.849494	0.542941	7.936742
13.559999	-1.426050	-9.649075	1.021523	7.820022
13.620000	-2.004994	-9.306823	1.493896	7.587778
13.679999	-2.563404	-8.825624	1.953086	7.241311
13.740000	-3.092941	-8.210407	2.392181	6.783613
13.799999	-3.585566	-7.468102	2.804444	6.219345
13.860000	-4.033652	-6.607566	3.183401	5.554811
13.920000	-4.430106	-5.639490	3.522955	4.797878
13.979999	-4.768475	-4.576264	3.817473	3.957896
14.040000	-5.043051	-3.431830	4.061874	3.045604
14.099999	-5.248960	-2.221498	4.251722	2.072965
14.160000	-5.382250	-0.961748	4.383293	1.053047
14.219999	-5.439955	0.329992	4.453646	-0.000176
14.280000	-5.420156	1.635581	4.460681	-1.071989
14.340000	-5.322021	2.936419	4.403181	-2.147156
14.400000	-5.145835	4.213704	4.280845	-3.210126
14.460000	-4.893013	5.448704	4.094314	-4.245243
14.520000	-4.566091	6.623027	3.845169	-5.236994
14.580000	-4.168709	7.718889	3.535935	-6.170216
14.639999	-3.705575	8.719379	3.170049	-7.030343
14.700000	-3.182413	9.608718	2.751837	-7.803609
14.759999	-2.605890	10.372497	2.286456	-8.477279
14.820000	-1.983540	10.997910	1.779845	-9.039842
14.880000	-1.323665	11.473960	1.238638	-9.481203
14.940000	-0.635228	11.791639	0.670089	-9.792855
Solution of SHM
Step Size = .0600 Euler Method
Time	y	v	Δy	Δv
0.000000	1.000000	0.000000	0.000000	-0.000000
0.060000	1.000000	-0.240000	-0.007191	0.000576
0.120000	0.985600	-0.480000	-0.014262	0.004595
0.180000	0.956800	-0.716544	-0.020903	0.011996
0.240000	0.913807	-0.946176	-0.026812	0.022618
0.300000	0.857037	-1.165490	-0.031701	0.036205
0.360000	0.787107	-1.371179	-0.035302	0.052409
0.420000	0.704837	-1.560084	-0.037374	0.070798
0.480000	0.611232	-1.729245	-0.037712	0.090862
0.540000	0.507477	-1.875941	-0.036149	0.112025
0.600000	0.394921	-1.997735	-0.032563	0.133657
0.660000	0.275056	-2.092516	-0.026881	0.155086
0.720000	0.149505	-2.158530	-0.019082	0.175613
0.780000	0.019994	-2.194411	-0.009197	0.194528
0.840000	-0.111671	-2.199209	0.002684	0.211123
0.900000	-0.243624	-2.172408	0.016422	0.224713
0.960000	-0.373968	-2.113939	0.031818	0.234648
1.020000	-0.500804	-2.024186	0.048628	0.240329
1.080000	-0.622256	-1.903993	0.066556	0.241226
1.140000	-0.736495	-1.754652	0.085265	0.236890
1.200000	-0.841774	-1.577893	0.104381	0.226966
1.260000	-0.936448	-1.375867	0.123496	0.211206
1.320000	-1.019000	-1.151120	0.142182	0.189474
1.380000	-1.088067	-0.906560	0.159994	0.161762
1.440000	-1.142461	-0.645424	0.176481	0.128185
1.500000	-1.181186	-0.371233	0.191194	0.088993
1.560000	-1.203460	-0.087749	0.203693	0.044566
1.620000	-1.208725	0.201082	0.213563	-0.004585
1.680000	-1.196660	0.491176	0.220416	-0.057826
1.740000	-1.167189	0.778374	0.223905	-0.114404
1.800000	-1.120487	1.058500	0.223729	-0.173459
1.860000	-1.056977	1.327417	0.219643	-0.234035
1.920000	-0.977332	1.581091	0.211465	-0.295094
1.980000	-0.882467	1.815651	0.199082	-0.355534
2.040000	-0.773528	2.027443	0.182454	-0.414207
2.100000	-0.651881	2.213089	0.161620	-0.469938
2.160000	-0.519096	2.369541	0.136698	-0.521545
2.220000	-0.376923	2.494124	0.107890	-0.567862
2.280000	-0.227276	2.584585	0.075476	-0.607763
2.340000	-0.072201	2.639131	0.039817	-0.640180
2.400000	0.086147	2.656459	0.001351	-0.664130
2.460000	0.245535	2.635784	-0.039412	-0.678732
2.520000	0.403682	2.576856	-0.081900	-0.683228
2.580000	0.558293	2.479972	-0.125480	-0.677004
2.640000	0.707092	2.345982	-0.169473	-0.659606
2.700000	0.847850	2.176280	-0.213157	-0.630751
2.760000	0.978427	1.972795	-0.255789	-0.590342
2.820000	1.096795	1.737973	-0.296606	-0.538478
2.880000	1.201073	1.474742	-0.334841	-0.475458
2.940000	1.289558	1.186485	-0.369742	-0.401783
3.000000	1.360747	0.876991	-0.400577	-0.318160
3.060000	1.413366	0.550411	-0.426652	-0.225487
3.120000	1.446391	0.211204	-0.447323	-0.124859
3.180000	1.459063	-0.135930	-0.462012	-0.017547
3.240000	1.450907	-0.486105	-0.470213	0.095012
3.300000	1.421741	-0.834323	-0.471508	0.211241
3.360000	1.371682	-1.175541	-0.465578	0.329431
3.420000	1.301149	-1.504745	-0.452206	0.447776
3.480000	1.210864	-1.817020	-0.431293	0.564394
3.540000	1.101843	-2.107628	-0.402855	0.677362
3.600000	0.975386	-2.372070	-0.367034	0.784735
3.660000	0.833061	-2.606163	-0.324096	0.884588
3.720000	0.676692	-2.806098	-0.274434	0.975045
3.780000	0.508326	-2.968503	-0.218560	1.054308
3.840000	0.330216	-3.090502	-0.157110	1.120695
3.900000	0.144785	-3.169753	-0.090830	1.172667
3.960000	-0.045400	-3.204502	-0.020570	1.208859
4.020000	-0.237670	-3.193606	0.052722	1.228109
4.080000	-0.429286	-3.136565	0.128022	1.229484
4.140000	-0.617480	-3.033536	0.204232	1.212299
4.200000	-0.799492	-2.885341	0.280204	1.176143
4.260000	-0.972613	-2.693463	0.354753	1.120887
4.320000	-1.134220	-2.460036	0.426676	1.046699
4.380000	-1.281823	-2.187823	0.494769	0.954055
4.440000	-1.413092	-1.880186	0.557850	0.843729
4.500000	-1.525903	-1.541044	0.614773	0.716807
4.560000	-1.618366	-1.174827	0.664452	0.574664
4.620000	-1.688855	-0.786419	0.705878	0.418962
4.680000	-1.736041	-0.381094	0.738138	0.251628
4.740000	-1.758906	0.035556	0.760431	0.074831
4.800000	-1.756773	0.457694	0.772085	-0.109041
4.860000	-1.729311	0.879319	0.772573	-0.297416
4.920000	-1.676552	1.294354	0.761525	-0.487567
4.980000	-1.598891	1.696726	0.738735	-0.676662
5.040000	-1.497087	2.080460	0.704175	-0.861790
5.100000	-1.372260	2.439761	0.657994	-1.040012
5.160000	-1.225874	2.769103	0.600528	-1.208408
5.220000	-1.059728	3.063313	0.532296	-1.364118
5.280000	-0.875929	3.317648	0.453997	-1.504392
5.340000	-0.676870	3.527871	0.366507	-1.626634
5.400000	-0.465198	3.690320	0.270868	-1.728447
5.460000	-0.243779	3.801967	0.168276	-1.807676
5.520000	-0.015661	3.860474	0.060072	-1.862447
5.580000	0.215968	3.864233	-0.052282	-1.891208
5.640000	0.447822	3.812401	-0.167216	-1.892755
5.700000	0.676566	3.704923	-0.283075	-1.866266
5.760000	0.898861	3.542548	-0.398146	-1.811324
5.820000	1.111414	3.326821	-0.510675	-1.727931
5.880000	1.311023	3.060082	-0.618901	-1.616521
5.940000	1.494628	2.745436	-0.721077	-1.477969
6.000000	1.659354	2.386725	-0.815500	-1.313580
6.060000	1.802558	1.988480	-0.900538	-1.125091
6.120000	1.921867	1.555866	-0.974655	-0.914651
6.180000	2.015219	1.094619	-1.036438	-0.684800
6.240000	2.080896	0.610966	-1.084624	-0.438439
6.300000	2.117554	0.111551	-1.118119	-0.178796
6.360000	2.124247	-0.396662	-1.136025	0.090612
6.420000	2.100447	-0.906481	-1.137651	0.366026
6.480000	2.046059	-1.410589	-1.122536	0.643503
6.540000	1.961423	-1.901643	-1.090456	0.918960
6.600000	1.847325	-2.372384	-1.041441	1.188237
6.660000	1.704982	-2.815742	-0.975771	1.447163
6.720000	1.536037	-3.224938	-0.893989	1.691610
6.780000	1.342541	-3.593587	-0.796889	1.917564
6.840000	1.126926	-3.915797	-0.685518	2.121184
6.900000	0.891978	-4.186259	-0.561163	2.298868
6.960000	0.640803	-4.400333	-0.425339	2.447310
7.020000	0.376783	-4.554126	-0.279768	2.563560
7.080000	0.103535	-4.644554	-0.126366	2.645075
7.140000	-0.175138	-4.669402	0.032790	2.689769
7.200000	-0.455302	-4.627369	0.195485	2.696053
7.260000	-0.732944	-4.518096	0.359395	2.662876
7.320000	-1.004030	-4.342190	0.522121	2.589748
7.380000	-1.264562	-4.101223	0.681224	2.476764
7.440000	-1.510635	-3.797728	0.834257	2.324617
7.500000	-1.738499	-3.435175	0.978811	2.134600
7.560000	-1.944609	-3.017936	1.112537	1.908601
7.620000	-2.125685	-2.551229	1.233196	1.649090
7.680000	-2.278759	-2.041065	1.338690	1.359097
7.740000	-2.401223	-1.494163	1.427094	1.042174
7.800000	-2.490873	-0.917869	1.496695	0.702361
7.860000	-2.545945	-0.320060	1.546017	0.344131
7.920000	-2.565148	0.290967	1.573852	-0.027662
7.980000	-2.547690	0.906602	1.579284	-0.407849
8.040000	-2.493294	1.518048	1.561705	-0.791021
8.099999	-2.402211	2.116439	1.520838	-1.171597
8.160000	-2.275225	2.692969	1.456745	-1.543898
8.220000	-2.113647	3.239023	1.369833	-1.902250
8.280000	-1.919306	3.746299	1.260854	-2.241053
8.340000	-1.694528	4.206932	1.130910	-2.554861
8.400000	-1.442112	4.613619	0.981432	-2.838485
8.460000	-1.165295	4.959726	0.814182	-3.087060
8.520000	-0.867711	5.239397	0.631213	-3.296133
8.580000	-0.553347	5.447647	0.434867	-3.461734
8.639999	-0.226488	5.580451	0.227728	-3.580452
8.700000	0.108339	5.634808	0.012605	-3.649489
8.760000	0.446427	5.608806	-0.207519	-3.666722
8.820000	0.782955	5.501664	-0.429521	-3.630745
8.880000	1.113055	5.313755	-0.650176	-3.540912
8.940000	1.431880	5.046621	-0.866215	-3.397351
9.000000	1.734678	4.702970	-1.074361	-3.200996
9.059999	2.016856	4.286647	-1.271386	-2.953568
9.120000	2.274055	3.802602	-1.454153	-2.657595
9.179999	2.502211	3.256829	-1.619670	-2.316358
9.240000	2.697621	2.656298	-1.765133	-1.933895
9.300000	2.856998	2.008869	-1.887976	-1.514923
9.360000	2.977530	1.323190	-1.985911	-1.064801
9.420000	3.056922	0.608582	-2.056968	-0.589471
9.480000	3.093437	-0.125079	-2.099530	-0.095359
9.540000	3.085932	-0.867504	-2.112367	0.410684
9.599999	3.033882	-1.608128	-2.094661	0.921500
9.660000	2.937394	-2.336259	-2.046027	1.429696
9.719999	2.797219	-3.041234	-1.966525	1.927776
9.780000	2.614745	-3.712566	-1.856672	2.408226
9.840000	2.391991	-4.340105	-1.717443	2.863643
9.900000	2.131584	-4.914183	-1.550262	3.286836
9.960000	1.836733	-5.425763	-1.356999	3.670936
10.020000	1.511188	-5.866579	-1.139939	4.009512
10.080000	1.159193	-6.229264	-0.901772	4.296666
10.139999	0.785437	-6.507471	-0.645544	4.527137
10.200000	0.394989	-6.695975	-0.374638	4.696390
10.260000	-0.006770	-6.790772	-0.092714	4.800694
10.320000	-0.414216	-6.789148	0.196331	4.837199
10.380000	-0.821565	-6.689736	0.488410	4.803992
10.440000	-1.222949	-6.492560	0.779317	4.700142
10.500000	-1.612503	-6.199053	1.064773	4.525742
10.559999	-1.984446	-5.812052	1.340498	4.281913
10.620000	-2.333169	-5.335785	1.602263	3.970828
10.679999	-2.653316	-4.775825	1.845966	3.595678
10.740000	-2.939865	-4.139030	2.067682	3.160670
10.800000	-3.188207	-3.433462	2.263735	2.670962
10.860000	-3.394215	-2.668292	2.430751	2.132615
10.920000	-3.554312	-1.853681	2.565714	1.552534
10.979999	-3.665533	-1.000646	2.666018	0.938357
11.040000	-3.725572	-0.120918	2.729517	0.298387
11.099999	-3.732827	0.773219	2.754557	-0.358549
11.160000	-3.686434	1.669098	2.740020	-1.023186
11.219999	-3.586288	2.553842	2.685342	-1.685983
11.280000	-3.433058	3.414551	2.590537	-2.337223
11.340000	-3.228185	4.238485	2.456208	-2.967183
11.400000	-2.973876	5.013249	2.283545	-3.566261
11.460000	-2.673080	5.726979	2.074326	-4.125114
11.520000	-2.329462	6.368518	1.830894	-4.634817
11.580000	-1.947350	6.927589	1.556141	-5.086985
11.639999	-1.531695	7.394953	1.253470	-5.473922
11.700000	-1.087998	7.762560	0.926760	-5.788729
11.759999	-0.622244	8.023680	0.580310	-6.025439
11.820000	-0.140824	8.173018	0.218799	-6.179108
11.880000	0.349558	8.206816	-0.152795	-6.245914
11.940000	0.841966	8.122922	-0.529247	-6.223231
12.000000	1.329342	7.920850	-0.905163	-6.109693
12.059999	1.804593	7.601808	-1.275056	-5.905233
12.120000	2.260701	7.168705	-1.633422	-5.611117
12.179999	2.690824	6.626137	-1.974825	-5.229934
12.240000	3.088392	5.980340	-2.293970	-4.765606
12.300000	3.447212	5.239125	-2.585794	-4.223333
12.360000	3.761560	4.411794	-2.845535	-3.609549
12.420000	4.026268	3.509020	-3.068811	-2.931864
12.479999	4.236809	2.542716	-3.251692	-2.198947
12.540000	4.389372	1.525881	-3.390762	-1.420448
12.599999	4.480925	0.472432	-3.483186	-0.606846
12.660000	4.509271	-0.602990	-3.526752	0.230658
12.719999	4.473091	-1.685215	-3.519924	1.080324
12.780000	4.371978	-2.758757	-3.461873	1.930003
12.840000	4.206453	-3.808032	-3.352499	2.767334
12.900000	3.977971	-4.817580	-3.192450	3.579911
12.960000	3.688916	-5.772293	-2.983126	4.355451
13.020000	3.342579	-6.657633	-2.726670	5.081997
13.080000	2.943121	-7.459852	-2.425954	5.748083
13.139999	2.495530	-8.166201	-2.084541	6.342920
13.200000	2.005558	-8.765128	-1.706659	6.856558
13.259999	1.479650	-9.246462	-1.297140	7.280054
13.320000	0.924862	-9.601578	-0.861367	7.605613
13.380000	0.348767	-9.823545	-0.405200	7.826732
13.440000	-0.240645	-9.907248	0.065098	7.938306
13.500000	-0.835080	-9.849494	0.542941	7.936742
13.559999	-1.426050	-9.649075	1.021523	7.820022
13.620000	-2.004994	-9.306823	1.493896	7.587778
13.679999	-2.563404	-8.825624	1.953086	7.241311
13.740000	-3.092941	-8.210407	2.392181	6.783613
13.799999	-3.585566	-7.468102	2.804444	6.219345
13.860000	-4.033652	-6.607566	3.183401	5.554811
13.920000	-4.430106	-5.639490	3.522955	4.797878
13.979999	-4.768475	-4.576264	3.817473	3.957896
14.040000	-5.043051	-3.431830	4.061874	3.045604
14.099999	-5.248960	-2.221498	4.251722	2.072965
14.160000	-5.382250	-0.961748	4.383293	1.053047
14.219999	-5.439955	0.329992	4.453646	-0.000176
14.280000	-5.420156	1.635581	4.460681	-1.071989
14.340000	-5.322021	2.936419	4.403181	-2.147156
14.400000	-5.145835	4.213704	4.280845	-3.210126
14.460000	-4.893013	5.448704	4.094314	-4.245243
14.520000	-4.566091	6.623027	3.845169	-5.236994
14.580000	-4.168709	7.718889	3.535935	-6.170216
14.639999	-3.705575	8.719379	3.170049	-7.030343
14.700000	-3.182413	9.608718	2.751837	-7.803609
14.759999	-2.605890	10.372497	2.286456	-8.477279
14.820000	-1.983540	10.997910	1.779845	-9.039842
14.880000	-1.323665	11.473960	1.238638	-9.481203
14.940000	-0.635228	11.791639	0.670089	-9.792855
Solution of SHM
Step Size = .0600 Euler Method
0.000000	1.000000	0.000000	0.000000	-0.000000
0.060000	1.000000	-0.240000	-0.007191	0.000576
0.120000	0.985600	-0.480000	-0.014262	0.004595
0.180000	0.956800	-0.716544	-0.020903	0.011996
0.240000	0.913807	-0.946176	-0.026812	0.022618
0.300000	0.857037	-1.165490	-0.031701	0.036205
0.360000	0.787107	-1.371179	-0.035302	0.052409
0.420000	0.704837	-1.560084	-0.037374	0.070798
0.480000	0.611232	-1.729245	-0.037712	0.090862
0.540000	0.507477	-1.875941	-0.036149	0.112025
0.600000	0.394921	-1.997735	-0.032563	0.133657
0.660000	0.275056	-2.092516	-0.026881	0.155086
0.720000	0.149505	-2.158530	-0.019082	0.175613
0.780000	0.019994	-2.194411	-0.009197	0.194528
0.840000	-0.111671	-2.199209	0.002684	0.211123
0.900000	-0.243624	-2.172408	0.016422	0.224713
0.960000	-0.373968	-2.113939	0.031818	0.234648
1.020000	-0.500804	-2.024186	0.048628	0.240329
1.080000	-0.622256	-1.903993	0.066556	0.241226
1.140000	-0.736495	-1.754652	0.085265	0.236890
1.200000	-0.841774	-1.577893	0.104381	0.226966
1.260000	-0.936448	-1.375867	0.123496	0.211206
1.320000	-1.019000	-1.151120	0.142182	0.189474
1.380000	-1.088067	-0.906560	0.159994	0.161762
1.440000	-1.142461	-0.645424	0.176481	0.128185
1.500000	-1.181186	-0.371233	0.191194	0.088993
1.560000	-1.203460	-0.087749	0.203693	0.044566
1.620000	-1.208725	0.201082	0.213563	-0.004585
1.680000	-1.196660	0.491176	0.220416	-0.057826
1.740000	-1.167189	0.778374	0.223905	-0.114404
1.800000	-1.120487	1.058500	0.223729	-0.173459
1.860000	-1.056977	1.327417	0.219643	-0.234035
1.920000	-0.977332	1.581091	0.211465	-0.295094
1.980000	-0.882467	1.815651	0.199082	-0.355534
2.040000	-0.773528	2.027443	0.182454	-0.414207
2.100000	-0.651881	2.213089	0.161620	-0.469938
2.160000	-0.519096	2.369541	0.136698	-0.521545
2.220000	-0.376923	2.494124	0.107890	-0.567862
2.280000	-0.227276	2.584585	0.075476	-0.607763
2.340000	-0.072201	2.639131	0.039817	-0.640180
2.400000	0.086147	2.656459	0.001351	-0.664130
2.460000	0.245535	2.635784	-0.039412	-0.678732
2.520000	0.403682	2.576856	-0.081900	-0.683228
2.580000	0.558293	2.479972	-0.125480	-0.677004
2.640000	0.707092	2.345982	-0.169473	-0.659606
2.700000	0.847850	2.176280	-0.213157	-0.630751
2.760000	0.978427	1.972795	-0.255789	-0.590342
2.820000	1.096795	1.737973	-0.296606	-0.538478
2.880000	1.201073	1.474742	-0.334841	-0.475458
2.940000	1.289558	1.186485	-0.369742	-0.401783
3.000000	1.360747	0.876991	-0.400577	-0.318160
3.060000	1.413366	0.550411	-0.426652	-0.225487
3.120000	1.446391	0.211204	-0.447323	-0.124859
3.180000	1.459063	-0.135930	-0.462012	-0.017547
3.240000	1.450907	-0.486105	-0.470213	0.095012
3.300000	1.421741	-0.834323	-0.471508	0.211241
3.360000	1.371682	-1.175541	-0.465578	0.329431
3.420000	1.301149	-1.504745	-0.452206	0.447776
3.480000	1.210864	-1.817020	-0.431293	0.564394
3.540000	1.101843	-2.107628	-0.402855	0.677362
3.600000	0.975386	-2.372070	-0.367034	0.784735
3.660000	0.833061	-2.606163	-0.324096	0.884588
3.720000	0.676692	-2.806098	-0.274434	0.975045
3.780000	0.508326	-2.968503	-0.218560	1.054308
3.840000	0.330216	-3.090502	-0.157110	1.120695
3.900000	0.144785	-3.169753	-0.090830	1.172667
3.960000	-0.045400	-3.204502	-0.020570	1.208859
4.020000	-0.237670	-3.193606	0.052722	1.228109
4.080000	-0.429286	-3.136565	0.128022	1.229484
4.140000	-0.617480	-3.033536	0.204232	1.212299
4.200000	-0.799492	-2.885341	0.280204	1.176143
4.260000	-0.972613	-2.693463	0.354753	1.120887
4.320000	-1.134220	-2.460036	0.426676	1.046699
4.380000	-1.281823	-2.187823	0.494769	0.954055
4.440000	-1.413092	-1.880186	0.557850	0.843729
4.500000	-1.525903	-1.541044	0.614773	0.716807
4.560000	-1.618366	-1.174827	0.664452	0.574664
4.620000	-1.688855	-0.786419	0.705878	0.418962
4.680000	-1.736041	-0.381094	0.738138	0.251628
4.740000	-1.758906	0.035556	0.760431	0.074831
4.800000	-1.756773	0.457694	0.772085	-0.109041
4.860000	-1.729311	0.879319	0.772573	-0.297416
4.920000	-1.676552	1.294354	0.761525	-0.487567
4.980000	-1.598891	1.696726	0.738735	-0.676662
5.040000	-1.497087	2.080460	0.704175	-0.861790
5.100000	-1.372260	2.439761	0.657994	-1.040012
5.160000	-1.225874	2.769103	0.600528	-1.208408
5.220000	-1.059728	3.063313	0.532296	-1.364118
5.280000	-0.875929	3.317648	0.453997	-1.504392
5.340000	-0.676870	3.527871	0.366507	-1.626634
5.400000	-0.465198	3.690320	0.270868	-1.728447
5.460000	-0.243779	3.801967	0.168276	-1.807676
5.520000	-0.015661	3.860474	0.060072	-1.862447
5.580000	0.215968	3.864233	-0.052282	-1.891208
5.640000	0.447822	3.812401	-0.167216	-1.892755
5.700000	0.676566	3.704923	-0.283075	-1.866266
5.760000	0.898861	3.542548	-0.398146	-1.811324
5.820000	1.111414	3.326821	-0.510675	-1.727931
5.880000	1.311023	3.060082	-0.618901	-1.616521
5.940000	1.494628	2.745436	-0.721077	-1.477969
6.000000	1.659354	2.386725	-0.815500	-1.313580
6.060000	1.802558	1.988480	-0.900538	-1.125091
6.120000	1.921867	1.555866	-0.974655	-0.914651
6.180000	2.015219	1.094619	-1.036438	-0.684800
6.240000	2.080896	0.610966	-1.084624	-0.438439
6.300000	2.117554	0.111551	-1.118119	-0.178796
6.360000	2.124247	-0.396662	-1.136025	0.090612
6.420000	2.100447	-0.906481	-1.137651	0.366026
6.480000	2.046059	-1.410589	-1.122536	0.643503
6.540000	1.961423	-1.901643	-1.090456	0.918960
6.600000	1.847325	-2.372384	-1.041441	1.188237
6.660000	1.704982	-2.815742	-0.975771	1.447163
6.720000	1.536037	-3.224938	-0.893989	1.691610
6.780000	1.342541	-3.593587	-0.796889	1.917564
6.840000	1.126926	-3.915797	-0.685518	2.121184
6.900000	0.891978	-4.186259	-0.561163	2.298868
6.960000	0.640803	-4.400333	-0.425339	2.447310
7.020000	0.376783	-4.554126	-0.279768	2.563560
7.080000	0.103535	-4.644554	-0.126366	2.645075
7.140000	-0.175138	-4.669402	0.032790	2.689769
7.200000	-0.455302	-4.627369	0.195485	2.696053
7.260000	-0.732944	-4.518096	0.359395	2.662876
7.320000	-1.004030	-4.342190	0.522121	2.589748
7.380000	-1.264562	-4.101223	0.681224	2.476764
7.440000	-1.510635	-3.797728	0.834257	2.324617
7.500000	-1.738499	-3.435175	0.978811	2.134600
7.560000	-1.944609	-3.017936	1.112537	1.908601
7.620000	-2.125685	-2.551229	1.233196	1.649090
7.680000	-2.278759	-2.041065	1.338690	1.359097
7.740000	-2.401223	-1.494163	1.427094	1.042174
7.800000	-2.490873	-0.917869	1.496695	0.702361
7.860000	-2.545945	-0.320060	1.546017	0.344131
7.920000	-2.565148	0.290967	1.573852	-0.027662
7.980000	-2.547690	0.906602	1.579284	-0.407849
8.040000	-2.493294	1.518048	1.561705	-0.791021
8.099999	-2.402211	2.116439	1.520838	-1.171597
8.160000	-2.275225	2.692969	1.456745	-1.543898
8.220000	-2.113647	3.239023	1.369833	-1.902250
8.280000	-1.919306	3.746299	1.260854	-2.241053
8.340000	-1.694528	4.206932	1.130910	-2.554861
8.400000	-1.442112	4.613619	0.981432	-2.838485
8.460000	-1.165295	4.959726	0.814182	-3.087060
8.520000	-0.867711	5.239397	0.631213	-3.296133
8.580000	-0.553347	5.447647	0.434867	-3.461734
8.639999	-0.226488	5.580451	0.227728	-3.580452
8.700000	0.108339	5.634808	0.012605	-3.649489
8.760000	0.446427	5.608806	-0.207519	-3.666722
8.820000	0.782955	5.501664	-0.429521	-3.630745
8.880000	1.113055	5.313755	-0.650176	-3.540912
8.940000	1.431880	5.046621	-0.866215	-3.397351
9.000000	1.734678	4.702970	-1.074361	-3.200996
9.059999	2.016856	4.286647	-1.271386	-2.953568
9.120000	2.274055	3.802602	-1.454153	-2.657595
9.179999	2.502211	3.256829	-1.619670	-2.316358
9.240000	2.697621	2.656298	-1.765133	-1.933895
9.300000	2.856998	2.008869	-1.887976	-1.514923
9.360000	2.977530	1.323190	-1.985911	-1.064801
9.420000	3.056922	0.608582	-2.056968	-0.589471
9.480000	3.093437	-0.125079	-2.099530	-0.095359
9.540000	3.085932	-0.867504	-2.112367	0.410684
9.599999	3.033882	-1.608128	-2.094661	0.921500
9.660000	2.937394	-2.336259	-2.046027	1.429696
9.719999	2.797219	-3.041234	-1.966525	1.927776
9.780000	2.614745	-3.712566	-1.856672	2.408226
9.840000	2.391991	-4.340105	-1.717443	2.863643
9.900000	2.131584	-4.914183	-1.550262	3.286836
9.960000	1.836733	-5.425763	-1.356999	3.670936
10.020000	1.511188	-5.866579	-1.139939	4.009512
10.080000	1.159193	-6.229264	-0.901772	4.296666
10.139999	0.785437	-6.507471	-0.645544	4.527137
10.200000	0.394989	-6.695975	-0.374638	4.696390
10.260000	-0.006770	-6.790772	-0.092714	4.800694
10.320000	-0.414216	-6.789148	0.196331	4.837199
10.380000	-0.821565	-6.689736	0.488410	4.803992
10.440000	-1.222949	-6.492560	0.779317	4.700142
10.500000	-1.612503	-6.199053	1.064773	4.525742
10.559999	-1.984446	-5.812052	1.340498	4.281913
10.620000	-2.333169	-5.335785	1.602263	3.970828
10.679999	-2.653316	-4.775825	1.845966	3.595678
10.740000	-2.939865	-4.139030	2.067682	3.160670
10.800000	-3.188207	-3.433462	2.263735	2.670962
10.860000	-3.394215	-2.668292	2.430751	2.132615
10.920000	-3.554312	-1.853681	2.565714	1.552534
10.979999	-3.665533	-1.000646	2.666018	0.938357
11.040000	-3.725572	-0.120918	2.729517	0.298387
11.099999	-3.732827	0.773219	2.754557	-0.358549
11.160000	-3.686434	1.669098	2.740020	-1.023186
11.219999	-3.586288	2.553842	2.685342	-1.685983
11.280000	-3.433058	3.414551	2.590537	-2.337223
11.340000	-3.228185	4.238485	2.456208	-2.967183
11.400000	-2.973876	5.013249	2.283545	-3.566261
11.460000	-2.673080	5.726979	2.074326	-4.125114
11.520000	-2.329462	6.368518	1.830894	-4.634817
11.580000	-1.947350	6.927589	1.556141	-5.086985
11.639999	-1.531695	7.394953	1.253470	-5.473922
11.700000	-1.087998	7.762560	0.926760	-5.788729
11.759999	-0.622244	8.023680	0.580310	-6.025439
11.820000	-0.140824	8.173018	0.218799	-6.179108
11.880000	0.349558	8.206816	-0.152795	-6.245914
11.940000	0.841966	8.122922	-0.529247	-6.223231
12.000000	1.329342	7.920850	-0.905163	-6.109693
12.059999	1.804593	7.601808	-1.275056	-5.905233
12.120000	2.260701	7.168705	-1.633422	-5.611117
12.179999	2.690824	6.626137	-1.974825	-5.229934
12.240000	3.088392	5.980340	-2.293970	-4.765606
12.300000	3.447212	5.239125	-2.585794	-4.223333
12.360000	3.761560	4.411794	-2.845535	-3.609549
12.420000	4.026268	3.509020	-3.068811	-2.931864
12.479999	4.236809	2.542716	-3.251692	-2.198947
12.540000	4.389372	1.525881	-3.390762	-1.420448
12.599999	4.480925	0.472432	-3.483186	-0.606846
12.660000	4.509271	-0.602990	-3.526752	0.230658
12.719999	4.473091	-1.685215	-3.519924	1.080324
12.780000	4.371978	-2.758757	-3.461873	1.930003
12.840000	4.206453	-3.808032	-3.352499	2.767334
12.900000	3.977971	-4.817580	-3.192450	3.579911
12.960000	3.688916	-5.772293	-2.983126	4.355451
13.020000	3.342579	-6.657633	-2.726670	5.081997
13.080000	2.943121	-7.459852	-2.425954	5.748083
13.139999	2.495530	-8.166201	-2.084541	6.342920
13.200000	2.005558	-8.765128	-1.706659	6.856558
13.259999	1.479650	-9.246462	-1.297140	7.280054
13.320000	0.924862	-9.601578	-0.861367	7.605613
13.380000	0.348767	-9.823545	-0.405200	7.826732
13.440000	-0.240645	-9.907248	0.065098	7.938306
13.500000	-0.835080	-9.849494	0.542941	7.936742
13.559999	-1.426050	-9.649075	1.021523	7.820022
13.620000	-2.004994	-9.306823	1.493896	7.587778
13.679999	-2.563404	-8.825624	1.953086	7.241311
13.740000	-3.092941	-8.210407	2.392181	6.783613
13.799999	-3.585566	-7.468102	2.804444	6.219345
13.860000	-4.033652	-6.607566	3.183401	5.554811
13.920000	-4.430106	-5.639490	3.522955	4.797878
13.979999	-4.768475	-4.576264	3.817473	3.957896
14.040000	-5.043051	-3.431830	4.061874	3.045604
14.099999	-5.248960	-2.221498	4.251722	2.072965
14.160000	-5.382250	-0.961748	4.383293	1.053047
14.219999	-5.439955	0.329992	4.453646	-0.000176
14.280000	-5.420156	1.635581	4.460681	-1.071989
14.340000	-5.322021	2.936419	4.403181	-2.147156
14.400000	-5.145835	4.213704	4.280845	-3.210126
14.460000	-4.893013	5.448704	4.094314	-4.245243
14.520000	-4.566091	6.623027	3.845169	-5.236994
14.580000	-4.168709	7.718889	3.535935	-6.170216
14.639999	-3.705575	8.719379	3.170049	-7.030343
14.700000	-3.182413	9.608718	2.751837	-7.803609
14.759999	-2.605890	10.372497	2.286456	-8.477279
14.820000	-1.983540	10.997910	1.779845	-9.039842
14.880000	-1.323665	11.473960	1.238638	-9.481203
14.940000	-0.635228	11.791639	0.670089	-9.792855
Solution of SHM
Step Size = .0600 Euler Method
Time	y	v	Δy	Δv
