2.000000	2.145520	2.264642	2.333327	2.332039	2.247495	2.073848	1.813210	1.475463	1.077380	0.5000000
2.000000	1.086143	1.387474	1.566975	1.640039	1.616991	1.506374	1.316941	1.058582	0.7423226	0.5000000
2.000000	0.7215863	0.9253045	1.064832	1.134618	1.134207	1.066742	0.9382174	0.7570921	0.5340931	0.5000000
2.000000	0.5332734	0.6611994	0.7524441	0.8003016	0.8017261	0.7569728	0.6691961	0.5440552	0.3893259	0.5000000
2.000000	0.4203131	0.4985572	0.5542120	0.5823346	0.5801839	0.5472636	0.4852169	0.3976177	0.2896799	0.5000000
2.000000	0.3488077	0.3947350	0.4262426	0.4399767	0.4339389	0.4075893	0.3618403	0.2989559	0.2223683	0.5000000
2.000000	0.3025672	0.3273821	0.3428423	0.3467191	0.3376434	0.3151935	0.2799108	0.2332490	0.1774613	0.5000000
2.000000	0.2723883	0.2833646	0.2882273	0.2855046	0.2742800	0.2542548	0.2257660	0.1897570	0.1477076	0.5000000
2.000000	0.2526094	0.2544985	0.2523784	0.2452793	0.2325934	0.2141176	0.1900673	0.1610588	0.1280644	0.5000000
2.000000	0.2396211	0.2355375	0.2288205	0.2188314	0.2051691	0.1876979	0.1665573	0.1421514	0.1151195	0.5000000
2.000000	0.2310841	0.2230731	0.2133309	0.2014373	0.1871279	0.1703127	0.1510830	0.1297040	0.1065963	0.5000000
2.000000	0.2254703	0.2148762	0.2031435	0.1899959	0.1752593	0.1588743	0.1409006	0.1215126	0.1009869	0.5000000
2.000000	0.2217781	0.2094847	0.1964425	0.1824697	0.1674515	0.1513489	0.1342011	0.1161229	0.9729604E-1	0.5000000
2.000000	0.2193493	0.2059382	0.1920345	0.1775186	0.1623151	0.1463981	0.1297936	0.1125769	0.9486772E-1	0.5000000
2.000000	0.2177516	0.2036052	0.1891347	0.1742616	0.1589360	0.1431412	0.1268940	0.1102441	0.9327016E-1	0.5000000
