0.000000	0.3600000	0.6400000	0.8400000	0.9600000	1.000000	0.9600000	0.8400000	0.6400000	0.3600001	0.000000
0.000000	0.3333333	0.6133333	0.8133334	0.9333333	0.9733334	0.9333333	0.8133333	0.6133333	0.3333333	0.000000
0.000000	0.3155556	0.5866667	0.7866666	0.9066667	0.9466666	0.9066666	0.7866666	0.5866667	0.3155556	0.000000
0.000000	0.3007407	0.5629630	0.7600000	0.8800000	0.9200000	0.8799999	0.7600000	0.5629630	0.3007407	0.000000
0.000000	0.2879013	0.5412346	0.7343210	0.8533334	0.8933333	0.8533333	0.7343210	0.5412346	0.2879013	0.000000
0.000000	0.2763786	0.5211523	0.7096297	0.8269958	0.8666667	0.8269958	0.7096296	0.5211523	0.2763786	0.000000
0.000000	0.2658436	0.5023868	0.6859259	0.8010974	0.8402194	0.8010974	0.6859259	0.5023868	0.2658436	0.000000
0.000000	0.2560768	0.4847188	0.6631367	0.7757476	0.8141381	0.7757476	0.6631367	0.4847188	0.2560768	0.000000
0.000000	0.2469319	0.4679775	0.6412010	0.7510074	0.7885444	0.7510074	0.6412010	0.4679775	0.2469319	0.000000
0.000000	0.2383031	0.4520368	0.6200620	0.7269176	0.7635198	0.7269176	0.6200620	0.4520368	0.2383031	0.000000
0.000000	0.2301133	0.4368007	0.5996721	0.7034998	0.7391183	0.7034998	0.5996721	0.4368007	0.2301133	0.000000
0.000000	0.2223047	0.4221954	0.5799909	0.6807634	0.7153726	0.6807634	0.5799909	0.4221954	0.2223047	0.000000
0.000000	0.2148333	0.4081636	0.5609832	0.6587089	0.6922998	0.6587089	0.5609832	0.4081636	0.2148333	0.000000
0.000000	0.2076657	0.3946601	0.5426186	0.6373307	0.6699059	0.6373307	0.5426186	0.3946601	0.2076657	0.000000
0.000000	0.2007752	0.3816481	0.5248698	0.6166183	0.6481891	0.6166183	0.5248698	0.3816481	0.2007752	0.000000
0.000000	0.1941411	0.3690977	0.5077121	0.5965590	0.6271420	0.5965590	0.5077121	0.3690977	0.1941411	0.000000
0.000000	0.1877463	0.3569836	0.4911229	0.5771377	0.6067533	0.5771377	0.4911229	0.3569836	0.1877463	0.000000
0.000000	0.1815766	0.3452843	0.4750814	0.5583380	0.5870095	0.5583380	0.4750814	0.3452843	0.1815766	0.000000
0.000000	0.1756203	0.3339808	0.4595679	0.5401430	0.5678952	0.5401430	0.4595679	0.3339808	0.1756203	0.000000
0.000000	0.1698670	0.3230563	0.4445639	0.5225354	0.5493938	0.5225354	0.4445639	0.3230563	0.1698670	0.000000
0.000000	0.1643078	0.3124958	0.4300519	0.5054977	0.5314882	0.5054977	0.4300519	0.3124958	0.1643078	0.000000
0.000000	0.1589345	0.3022852	0.4160151	0.4890126	0.5141612	0.4890126	0.4160151	0.3022852	0.1589345	0.000000
0.000000	0.1537399	0.2924116	0.4024376	0.4730630	0.4973955	0.4730630	0.4024376	0.2924116	0.1537399	0.000000
0.000000	0.1487172	0.2828630	0.3893040	0.4576320	0.4811738	0.4576320	0.3893040	0.2828630	0.1487172	0.000000
0.000000	0.1438601	0.2736281	0.3765997	0.4427033	0.4654793	0.4427033	0.3765997	0.2736281	0.1438601	0.000000
0.000000	0.1391627	0.2646959	0.3643103	0.4282607	0.4502953	0.4282607	0.3643103	0.2646959	0.1391627	0.000000
0.000000	0.1346195	0.2560563	0.3524224	0.4142888	0.4356056	0.4142888	0.3524224	0.2560563	0.1346195	0.000000
0.000000	0.1302253	0.2476994	0.3409225	0.4007722	0.4213944	0.4007722	0.3409225	0.2476994	0.1302253	0.000000
0.000000	0.1259749	0.2396157	0.3297980	0.3876964	0.4076463	0.3876964	0.3297980	0.2396157	0.1259749	0.000000
0.000000	0.1218635	0.2317962	0.3190367	0.3750469	0.3943464	0.3750469	0.3190367	0.2317962	0.1218635	0.000000
