Without Weight Function		With Weight Function w(x) = (4 - 2x) / 3 
---------------------------------------------------------------------------
N	integral	Sigma		integral	Sigma
4	0.7654573	0.1577213E-1	0.8023426	0.2128369E-2
16	0.8273355	0.3672856E-1	0.7896671	0.3763945E-2
64	0.7953914	0.1947882E-1	0.7871481	0.2569645E-2
256	0.8011563	0.1003311E-1	0.7858158	0.1255957E-2
1024	0.7773233	0.5067389E-2	0.7841946	0.6313525E-3
4096	0.7831723	0.2531040E-2	0.7849593	0.3146836E-3
16384	0.7836646	0.1251628E-2	0.7855133	0.1588491E-3
65536	0.7842380	0.6293802E-3	0.7852409	0.8497340E-4
262144	0.7859436	0.3136621E-3	0.7855705	0.2927796E-4
---------------------------------------------------------------------------
