Solution of SHM
Step Size = .0100 RK4 Method
Time	y	v	Δy	Δv
0.000000	1.000000	0.000000	0.000000	-0.000000
0.010000	0.999800	-0.039997	-0.000000	-0.000000
0.020000	0.999200	-0.079979	0.000000	-0.000000
0.030000	0.998201	-0.119928	0.000000	-0.000000
0.040000	0.996802	-0.159829	0.000000	-0.000000
0.050000	0.995004	-0.199667	0.000000	0.000000
0.060000	0.992809	-0.239424	0.000000	-0.000000
0.070000	0.990216	-0.279086	0.000000	0.000000
0.080000	0.987227	-0.318636	0.000000	0.000000
0.090000	0.983844	-0.358059	0.000000	0.000000
0.100000	0.980067	-0.397339	-0.000000	0.000000
0.110000	0.975897	-0.436459	-0.000000	0.000000
0.120000	0.971338	-0.475405	-0.000000	0.000000
0.130000	0.966390	-0.514161	-0.000000	0.000000
0.140000	0.961055	-0.552711	-0.000000	0.000000
0.150000	0.955337	-0.591040	-0.000000	0.000000
0.160000	0.949235	-0.629133	-0.000000	-0.000000
0.170000	0.942755	-0.666974	-0.000000	-0.000000
0.180000	0.935897	-0.704548	-0.000000	0.000000
0.190000	0.928665	-0.741841	-0.000000	0.000000
0.200000	0.921061	-0.778837	-0.000000	0.000000
0.210000	0.913089	-0.815521	-0.000000	0.000000
0.220000	0.904752	-0.851879	-0.000000	0.000000
0.230000	0.896053	-0.887896	-0.000000	0.000000
0.240000	0.886995	-0.923558	-0.000000	0.000000
0.250000	0.877583	-0.958851	-0.000000	0.000000
0.260000	0.867819	-0.993760	-0.000000	0.000000
0.270000	0.857709	-1.028272	-0.000000	0.000000
0.280000	0.847255	-1.062372	-0.000000	0.000000
0.290000	0.836463	-1.096048	-0.000000	0.000000
0.300000	0.825336	-1.129285	-0.000000	0.000000
0.310000	0.813879	-1.162070	-0.000000	0.000000
0.320000	0.802096	-1.194391	-0.000000	0.000000
0.330000	0.789992	-1.226234	-0.000000	0.000000
0.340000	0.777573	-1.257586	-0.000000	0.000000
0.350000	0.764842	-1.288436	-0.000000	0.000000
0.360000	0.751806	-1.318770	-0.000000	0.000000
0.370000	0.738469	-1.348576	-0.000000	0.000000
0.380000	0.724836	-1.377843	-0.000000	0.000000
0.390000	0.710914	-1.406559	-0.000000	0.000000
0.400000	0.696707	-1.434712	-0.000000	0.000000
0.410000	0.682221	-1.462292	-0.000000	0.000000
0.420000	0.667463	-1.489286	-0.000000	0.000000
0.430000	0.652438	-1.515685	-0.000000	0.000000
0.440000	0.637151	-1.541478	-0.000000	0.000000
0.450000	0.621610	-1.566654	-0.000000	0.000000
0.460000	0.605820	-1.591203	-0.000000	0.000000
0.470000	0.589788	-1.615116	-0.000000	0.000000
0.480000	0.573520	-1.638383	-0.000000	0.000000
0.490000	0.557023	-1.660995	-0.000000	0.000000
0.500000	0.540302	-1.682942	-0.000000	0.000000
0.510000	0.523366	-1.704216	-0.000000	0.000000
0.520000	0.506220	-1.724809	-0.000000	0.000000
0.530000	0.488872	-1.744711	-0.000000	0.000000
0.540000	0.471328	-1.763916	-0.000000	0.000000
0.550000	0.453596	-1.782415	-0.000000	0.000000
0.560000	0.435683	-1.800201	-0.000000	0.000000
0.570000	0.417595	-1.817267	-0.000000	0.000000
0.580000	0.399340	-1.833606	-0.000000	0.000000
0.590000	0.380925	-1.849212	-0.000000	0.000000
0.600000	0.362358	-1.864078	-0.000000	0.000000
0.610000	0.343646	-1.878199	-0.000000	0.000000
0.620000	0.324796	-1.891568	-0.000000	0.000000
0.630000	0.305817	-1.904181	-0.000000	0.000000
0.640000	0.286715	-1.916032	-0.000000	0.000000
0.650000	0.267499	-1.927117	-0.000000	0.000000
0.660000	0.248176	-1.937430	-0.000000	0.000000
0.670000	0.228753	-1.946969	0.000000	0.000000
0.680000	0.209239	-1.955729	-0.000000	0.000000
0.690000	0.189641	-1.963707	-0.000000	0.000000
0.700000	0.169967	-1.970900	-0.000000	0.000000
0.710000	0.150226	-1.977304	-0.000000	0.000000
0.720000	0.130424	-1.982917	-0.000000	0.000000
0.730000	0.110570	-1.987737	0.000000	0.000000
0.740000	0.090672	-1.991762	-0.000000	0.000000
0.750000	0.070737	-1.994990	-0.000000	0.000000
0.760000	0.050775	-1.997420	-0.000000	0.000000
0.770000	0.030792	-1.999052	-0.000000	0.000000
0.780000	0.010796	-1.999884	-0.000000	0.000000
0.790000	-0.009203	-1.999915	0.000000	0.000000
0.800000	-0.029199	-1.999147	0.000000	0.000000
0.810000	-0.049184	-1.997580	-0.000000	0.000000
0.820000	-0.069148	-1.995213	-0.000000	0.000000
0.830000	-0.089085	-1.992048	-0.000000	0.000000
0.840000	-0.108987	-1.988087	-0.000000	0.000000
0.850000	-0.128844	-1.983330	0.000000	0.000000
0.860000	-0.148651	-1.977780	0.000000	0.000000
0.870000	-0.168397	-1.971439	-0.000000	0.000000
0.880000	-0.188077	-1.964309	-0.000000	0.000000
0.890000	-0.207681	-1.956393	-0.000000	0.000000
0.900000	-0.227202	-1.947695	-0.000000	0.000000
0.910000	-0.246632	-1.938218	0.000000	0.000000
0.920000	-0.265964	-1.927966	0.000000	0.000000
0.930000	-0.285189	-1.916943	-0.000000	0.000000
0.940000	-0.304300	-1.905153	-0.000000	0.000000
0.950000	-0.323290	-1.892600	-0.000000	0.000000
0.960000	-0.342150	-1.879291	-0.000000	0.000000
0.970000	-0.360873	-1.865230	-0.000000	0.000000
0.980000	-0.379452	-1.850423	0.000000	0.000000
0.990000	-0.397879	-1.834876	0.000000	0.000000
1.000000	-0.416147	-1.818595	-0.000000	0.000000
1.010000	-0.434248	-1.801587	-0.000000	0.000000
1.020000	-0.452176	-1.783858	-0.000000	0.000000
1.030000	-0.469923	-1.765415	-0.000000	0.000000
1.040000	-0.487482	-1.746266	0.000000	0.000000
1.050000	-0.504846	-1.726419	0.000000	0.000000
1.060000	-0.522008	-1.705881	0.000000	0.000000
1.070000	-0.538961	-1.684661	0.000000	0.000000
1.080000	-0.555699	-1.662767	0.000000	0.000000
1.090000	-0.572215	-1.640208	-0.000000	0.000000
1.100000	-0.588501	-1.616993	-0.000000	0.000000
1.110000	-0.604552	-1.593131	-0.000000	0.000000
1.120000	-0.620362	-1.568632	0.000000	0.000000
1.130000	-0.635923	-1.543506	0.000000	0.000000
1.140000	-0.651230	-1.517762	0.000000	0.000000
1.150000	-0.666276	-1.491411	0.000000	0.000000
1.160000	-0.681056	-1.464463	0.000000	0.000000
1.170000	-0.695563	-1.436930	0.000000	0.000000
1.180000	-0.709793	-1.408822	0.000000	0.000000
1.190000	-0.723738	-1.380150	0.000000	0.000000
1.200000	-0.737394	-1.350927	0.000000	0.000000
1.210000	-0.750755	-1.321163	0.000000	0.000000
1.220000	-0.763815	-1.290870	0.000000	0.000000
1.230000	-0.776570	-1.260062	0.000000	0.000000
1.240000	-0.789015	-1.228749	0.000000	0.000000
1.250000	-0.801144	-1.196945	0.000000	0.000000
1.260000	-0.812952	-1.164662	0.000000	0.000000
1.270000	-0.824435	-1.131913	0.000000	0.000000
1.280000	-0.835589	-1.098711	0.000000	0.000000
1.290000	-0.846408	-1.065070	0.000000	0.000000
1.300000	-0.856889	-1.031003	0.000000	0.000000
1.310000	-0.867027	-0.996524	0.000000	0.000000
1.320000	-0.876818	-0.961646	0.000000	0.000000
1.330000	-0.886259	-0.926383	0.000000	0.000000
1.340000	-0.895344	-0.890750	0.000000	0.000000
1.350000	-0.904072	-0.854760	0.000000	0.000001
1.360000	-0.912439	-0.818429	0.000000	0.000001
1.370000	-0.920440	-0.781770	0.000000	0.000000
1.380000	-0.928073	-0.744799	0.000000	0.000000
1.390000	-0.935335	-0.707529	0.000000	0.000000
1.400000	-0.942223	-0.669977	0.000000	0.000000
1.410000	-0.948733	-0.632156	0.000000	0.000000
1.420000	-0.954865	-0.594083	0.000000	0.000000
1.430000	-0.960614	-0.555772	0.000000	0.000000
1.440000	-0.965980	-0.517239	0.000000	0.000000
1.450000	-0.970958	-0.478499	0.000000	0.000000
1.460000	-0.975549	-0.439568	0.000000	0.000000
1.470000	-0.979749	-0.400460	0.000000	-0.000000
1.480000	-0.983558	-0.361193	0.000000	0.000000
1.490000	-0.986973	-0.321781	0.000000	0.000000
1.500000	-0.989993	-0.282240	0.000000	0.000000
1.510000	-0.992617	-0.242587	0.000000	0.000000
1.520000	-0.994844	-0.202836	0.000000	0.000000
1.530000	-0.996673	-0.163005	0.000000	0.000000
1.540000	-0.998104	-0.123108	0.000000	0.000000
1.550000	-0.999135	-0.083162	0.000000	0.000000
1.560000	-0.999767	-0.043182	0.000000	0.000000
1.570000	-0.999999	-0.003186	0.000000	-0.000000
1.580000	-0.999831	0.036812	0.000000	-0.000000
1.590000	-0.999263	0.076796	0.000000	-0.000000
1.600000	-0.998295	0.116748	0.000000	-0.000000
1.610000	-0.996928	0.156654	0.000000	0.000000
1.620000	-0.995162	0.196497	0.000000	0.000000
1.630000	-0.992998	0.236262	0.000000	0.000000
1.640000	-0.990437	0.275932	0.000000	0.000000
1.650000	-0.987480	0.315491	0.000000	0.000000
1.660000	-0.984128	0.354925	0.000000	0.000000
1.670000	-0.980382	0.394216	0.000000	-0.000000
1.680000	-0.976244	0.433350	0.000000	-0.000000
1.690000	-0.971716	0.472311	0.000000	-0.000000
1.700000	-0.966799	0.511082	0.000000	-0.000000
1.710000	-0.961495	0.549649	0.000000	-0.000000
1.720000	-0.955806	0.587997	0.000000	-0.000000
1.730000	-0.949736	0.626109	0.000000	0.000000
1.740000	-0.943285	0.663970	0.000000	0.000000
1.750000	-0.936457	0.701566	0.000000	0.000000
1.760000	-0.929255	0.738882	0.000000	-0.000000
1.770000	-0.921680	0.775902	0.000000	-0.000000
1.780000	-0.913738	0.812611	0.000000	-0.000000
1.790000	-0.905429	0.848996	0.000000	-0.000000
1.800000	-0.896759	0.885041	0.000000	-0.000000
1.810000	-0.887730	0.920732	0.000000	-0.000000
1.820000	-0.878345	0.956055	0.000000	-0.000000
1.830000	-0.868610	0.990995	0.000000	-0.000000
1.840000	-0.858527	1.025539	0.000000	-0.000000
1.850000	-0.848100	1.059672	0.000000	-0.000000
1.860000	-0.837335	1.093382	0.000000	-0.000000
1.870000	-0.826234	1.126655	0.000000	-0.000000
1.880000	-0.814803	1.159477	0.000000	-0.000000
1.890000	-0.803046	1.191835	0.000000	-0.000000
1.900000	-0.790968	1.223716	0.000000	-0.000000
1.910000	-0.778574	1.255108	0.000000	-0.000000
1.920000	-0.765868	1.285998	0.000000	-0.000000
1.930000	-0.752855	1.316373	0.000000	-0.000000
1.940000	-0.739542	1.346222	0.000000	-0.000000
1.950000	-0.725933	1.375533	0.000000	-0.000001
1.960000	-0.712033	1.404293	0.000000	-0.000001
1.970000	-0.697849	1.432492	0.000000	-0.000001
1.980000	-0.683385	1.460117	0.000000	-0.000001
1.990000	-0.668648	1.487159	0.000000	-0.000000
2.000000	-0.653644	1.513605	0.000000	-0.000000
2.010000	-0.638378	1.539447	0.000000	-0.000000
2.020000	-0.622857	1.564672	0.000000	-0.000000
2.030000	-0.607087	1.589272	0.000000	-0.000000
2.040000	-0.591074	1.613236	0.000000	-0.000001
2.050000	-0.574824	1.636555	0.000000	-0.000001
2.060000	-0.558345	1.659219	0.000000	-0.000001
2.070000	-0.541642	1.681219	0.000000	-0.000001
2.080000	-0.524723	1.702547	0.000000	-0.000001
2.090000	-0.507593	1.723194	0.000000	-0.000001
2.100000	-0.490261	1.743152	0.000000	-0.000001
2.110000	-0.472733	1.762413	0.000000	-0.000001
2.120000	-0.455015	1.780968	0.000000	-0.000001
2.130000	-0.437116	1.798811	0.000000	-0.000001
2.140000	-0.419041	1.815935	0.000000	-0.000001
2.150000	-0.400799	1.832332	-0.000000	-0.000001
2.160000	-0.382397	1.847997	-0.000000	-0.000001
2.170000	-0.363842	1.862922	-0.000000	-0.000001
2.180000	-0.345141	1.877102	0.000000	-0.000001
2.190000	-0.326302	1.890532	0.000000	-0.000001
2.200000	-0.307333	1.903205	0.000000	-0.000001
2.210000	-0.288241	1.915117	0.000000	-0.000001
2.220000	-0.269033	1.926262	0.000000	-0.000001
2.230000	-0.249718	1.936638	0.000000	-0.000001
2.240000	-0.230303	1.946239	0.000000	-0.000001
2.250000	-0.210796	1.955061	0.000000	-0.000001
2.260000	-0.191205	1.963101	0.000000	-0.000001
2.270000	-0.171537	1.970356	0.000000	-0.000001
2.280000	-0.151800	1.976823	0.000000	-0.000001
2.290000	-0.132003	1.982500	0.000000	-0.000001
2.300000	-0.112153	1.987383	0.000000	-0.000001
2.310000	-0.092258	1.991471	0.000000	-0.000001
2.320000	-0.072326	1.994763	0.000000	-0.000001
2.330000	-0.052365	1.997257	0.000000	-0.000001
2.340000	-0.032383	1.998952	-0.000000	-0.000001
2.350000	-0.012389	1.999847	-0.000000	-0.000001
2.360000	0.007611	1.999943	-0.000000	-0.000001
2.370000	0.027607	1.999239	-0.000000	-0.000001
2.380000	0.047593	1.997735	-0.000000	-0.000001
2.390000	0.067559	1.995431	-0.000000	-0.000001
2.400000	0.087499	1.992330	-0.000000	-0.000001
2.410000	0.107403	1.988432	-0.000000	-0.000001
2.420000	0.127265	1.983739	-0.000000	-0.000001
2.430000	0.147075	1.978252	-0.000000	-0.000001
2.440000	0.166827	1.971973	0.000000	-0.000001
2.450000	0.186512	1.964906	0.000000	-0.000001
2.460000	0.206123	1.957053	0.000000	-0.000001
2.470000	0.225651	1.948418	0.000000	-0.000001
2.480000	0.245089	1.939002	0.000000	-0.000001
2.490000	0.264428	1.928812	0.000000	-0.000001
2.500000	0.283662	1.917850	0.000000	-0.000001
2.510000	0.302783	1.906120	-0.000000	-0.000001
2.520000	0.321782	1.893629	-0.000000	-0.000001
2.530000	0.340653	1.880379	-0.000000	-0.000001
2.540000	0.359387	1.866378	-0.000000	-0.000001
2.550000	0.377978	1.851630	-0.000000	-0.000001
2.560000	0.396417	1.836142	-0.000000	-0.000001
2.570000	0.414698	1.819919	-0.000000	-0.000001
2.580000	0.432813	1.802968	-0.000000	-0.000001
2.590000	0.450755	1.785296	-0.000000	-0.000001
2.600000	0.468517	1.766910	-0.000000	-0.000001
2.610000	0.486091	1.747818	-0.000000	-0.000001
2.620000	0.503471	1.728026	-0.000000	-0.000001
2.630000	0.520649	1.707543	-0.000000	-0.000001
2.640000	0.537619	1.686377	-0.000000	-0.000001
2.650000	0.554374	1.664536	-0.000000	-0.000001
2.660000	0.570908	1.642030	-0.000000	-0.000001
2.670000	0.587213	1.618866	-0.000000	-0.000001
2.680000	0.603283	1.595056	-0.000000	-0.000001
2.690000	0.619112	1.570607	-0.000000	-0.000001
2.700000	0.634693	1.545530	-0.000000	-0.000001
2.710000	0.650020	1.519835	-0.000000	-0.000001
2.720000	0.665088	1.493532	-0.000000	-0.000001
2.730000	0.679889	1.466631	-0.000000	-0.000001
2.740000	0.694418	1.439144	-0.000000	-0.000001
2.750000	0.708670	1.411082	-0.000000	-0.000001
2.760000	0.722638	1.382455	-0.000000	-0.000001
2.770000	0.736317	1.353274	-0.000000	-0.000001
2.780000	0.749702	1.323553	-0.000000	-0.000001
2.790000	0.762787	1.293302	-0.000000	-0.000001
2.800000	0.775566	1.262534	-0.000000	-0.000001
2.810000	0.788036	1.231261	-0.000000	-0.000001
2.820000	0.800190	1.199496	-0.000000	-0.000001
2.830000	0.812024	1.167250	-0.000000	-0.000001
2.840000	0.823533	1.134538	-0.000000	-0.000001
2.850000	0.834713	1.101372	-0.000000	-0.000000
2.860000	0.845559	1.067765	-0.000000	-0.000000
2.870000	0.856067	1.033732	-0.000000	-0.000000
2.880000	0.866232	0.999285	-0.000000	-0.000000
2.890000	0.876051	0.964438	-0.000000	-0.000000
2.900000	0.885520	0.929205	-0.000000	-0.000000
2.910000	0.894634	0.893601	-0.000000	-0.000000
2.920000	0.903391	0.857639	-0.000000	-0.000000
2.930000	0.911786	0.821334	-0.000000	-0.000000
2.940000	0.919816	0.784701	-0.000000	-0.000000
2.950000	0.927479	0.747754	-0.000000	-0.000001
2.960000	0.934770	0.710508	-0.000000	-0.000001
2.970000	0.941688	0.672977	-0.000000	-0.000001
2.980000	0.948229	0.635178	-0.000000	-0.000001
2.990000	0.954391	0.597124	-0.000000	-0.000001
3.000000	0.960171	0.558832	-0.000000	-0.000001
3.010000	0.965567	0.520316	-0.000000	-0.000001
3.020000	0.970576	0.481592	-0.000000	-0.000001
3.030000	0.975198	0.442675	-0.000000	-0.000001
3.040000	0.979429	0.403581	-0.000000	-0.000000
3.050000	0.983269	0.364326	-0.000000	-0.000000
3.060000	0.986715	0.324925	-0.000000	-0.000000
3.070000	0.989767	0.285394	-0.000000	-0.000000
3.080000	0.992423	0.245749	-0.000000	-0.000000
3.090000	0.994681	0.206005	-0.000000	-0.000000
3.100000	0.996542	0.166179	-0.000000	-0.000000
3.110000	0.998005	0.126287	-0.000000	-0.000000
3.120000	0.999068	0.086344	-0.000000	-0.000000
3.130000	0.999732	0.046367	-0.000000	-0.000000
3.140000	0.999995	0.006371	-0.000000	0.000000
3.150000	0.999859	-0.033627	-0.000000	0.000000
3.160000	0.999323	-0.073612	-0.000000	0.000000
3.170000	0.998387	-0.113568	-0.000000	0.000000
3.180000	0.997052	-0.153478	-0.000000	0.000000
3.190000	0.995318	-0.193327	-0.000000	0.000000
3.200000	0.993185	-0.233098	-0.000000	0.000000
3.210000	0.990656	-0.272776	-0.000001	-0.000001
3.220000	0.987730	-0.312345	-0.000001	-0.000001
3.230000	0.984410	-0.351789	-0.000001	-0.000000
3.240000	0.980695	-0.391093	-0.000001	-0.000000
3.250000	0.976588	-0.430240	-0.000001	-0.000000
3.260000	0.972091	-0.469215	-0.000001	-0.000000
3.270000	0.967204	-0.508002	-0.000000	-0.000000
3.280000	0.961931	-0.546586	-0.000000	-0.000000
3.290000	0.956273	-0.584951	-0.000001	-0.000000
3.300000	0.950233	-0.623083	-0.000000	-0.000000
3.310000	0.943813	-0.660965	-0.000000	0.000000
3.320000	0.937015	-0.698582	-0.000000	0.000000
3.330000	0.929842	-0.735921	-0.000000	0.000000
3.340000	0.922297	-0.772965	-0.000000	0.000000
3.350000	0.914384	-0.809700	-0.000000	0.000000
3.360000	0.906104	-0.846111	-0.000000	0.000000
3.370000	0.897463	-0.882183	-0.000000	0.000000
3.380000	0.888462	-0.917903	-0.000000	0.000000
3.390000	0.879106	-0.953255	-0.000000	0.000000
3.400000	0.869398	-0.988227	-0.000000	0.000000
3.410000	0.859343	-1.022803	-0.000000	0.000000
3.420000	0.848943	-1.056969	-0.000000	0.000000
3.430000	0.838205	-1.090713	-0.000000	0.000001
3.440000	0.827130	-1.124021	-0.000000	0.000001
3.450000	0.815726	-1.156880	-0.000000	0.000001
3.460000	0.803994	-1.189275	-0.000001	-0.000000
3.470000	0.791942	-1.221195	-0.000000	0.000000
3.480000	0.779572	-1.252626	-0.000000	0.000000
3.490000	0.766891	-1.283556	-0.000000	0.000000
3.500000	0.753903	-1.313973	-0.000000	0.000000
3.510000	0.740613	-1.343865	-0.000000	0.000000
3.520000	0.727027	-1.373218	-0.000000	0.000000
3.530000	0.713151	-1.402023	-0.000000	0.000000
3.540000	0.698989	-1.430267	-0.000000	0.000000
3.550000	0.684547	-1.457938	-0.000000	0.000000
3.560000	0.669832	-1.485027	-0.000000	0.000000
3.570000	0.654849	-1.511521	-0.000000	0.000000
3.580000	0.639603	-1.537411	-0.000000	0.000000
3.590000	0.624102	-1.562686	-0.000000	0.000000
3.600000	0.608352	-1.587336	-0.000000	0.000000
3.610000	0.592358	-1.611351	-0.000000	0.000000
3.620000	0.576127	-1.634721	-0.000000	0.000000
3.630000	0.559665	-1.657438	-0.000000	0.000001
3.640000	0.542980	-1.679492	-0.000000	0.000001
3.650000	0.526078	-1.700873	-0.000000	0.000001
3.660000	0.508965	-1.721575	-0.000000	0.000001
3.670000	0.491649	-1.741588	-0.000000	0.000001
3.680000	0.474136	-1.760904	-0.000000	0.000001
3.690000	0.456433	-1.779516	-0.000000	0.000001
3.700000	0.438548	-1.797417	-0.000000	0.000001
3.710000	0.420487	-1.814598	0.000000	0.000001
3.720000	0.402258	-1.831053	-0.000000	0.000000
3.730000	0.383868	-1.846776	-0.000000	0.000000
3.740000	0.365325	-1.861761	-0.000000	0.000000
3.750000	0.346636	-1.876000	-0.000000	0.000000
3.760000	0.327808	-1.889490	-0.000000	0.000001
3.770000	0.308848	-1.902223	-0.000000	0.000001
3.780000	0.289766	-1.914196	-0.000000	0.000001
3.790000	0.270567	-1.925403	-0.000000	0.000001
3.800000	0.251260	-1.935840	-0.000000	0.000001
3.810000	0.231853	-1.945503	-0.000000	0.000001
3.820000	0.212353	-1.954387	-0.000000	0.000001
3.830000	0.192768	-1.962490	-0.000000	0.000001
3.840000	0.173106	-1.969807	-0.000000	0.000001
3.850000	0.153374	-1.976337	-0.000000	0.000001
3.860000	0.133581	-1.982076	-0.000000	0.000001
3.870000	0.113735	-1.987023	-0.000000	0.000001
3.880000	0.093844	-1.991175	-0.000000	0.000001
3.890000	0.073914	-1.994530	-0.000000	0.000001
3.900000	0.053956	-1.997087	0.000000	0.000001
3.910000	0.033975	-1.998846	0.000000	0.000001
3.920000	0.013981	-1.999805	0.000000	0.000001
3.930000	-0.006018	-1.999964	0.000000	0.000001
3.940000	-0.026015	-1.999324	0.000000	0.000001
3.950000	-0.046002	-1.997883	0.000000	0.000001
3.960000	-0.065970	-1.995644	0.000000	0.000001
3.970000	-0.085912	-1.992606	-0.000000	0.000001
3.980000	-0.105820	-1.988772	-0.000000	0.000001
3.990000	-0.125685	-1.984141	-0.000000	0.000001
4.000000	-0.145500	-1.978717	-0.000000	0.000001
4.010000	-0.165257	-1.972502	0.000000	0.000001
4.020000	-0.184947	-1.965498	-0.000000	0.000001
4.030000	-0.204564	-1.957707	0.000000	0.000001
4.040000	-0.224099	-1.949134	-0.000000	0.000001
4.050000	-0.243544	-1.939781	0.000000	0.000001
4.060000	-0.262892	-1.929652	-0.000000	0.000001
4.070000	-0.282134	-1.918751	0.000000	0.000001
4.080000	-0.301264	-1.907082	0.000000	0.000001
4.090000	-0.320274	-1.894651	0.000001	0.000001
4.100000	-0.339155	-1.881462	0.000000	0.000001
4.110000	-0.357900	-1.867521	-0.000000	0.000001
4.120000	-0.376503	-1.852832	0.000000	0.000001
4.130000	-0.394954	-1.837403	-0.000000	0.000002
4.140000	-0.413248	-1.821238	0.000000	0.000001
4.150000	-0.431377	-1.804345	-0.000000	0.000002
4.160000	-0.449333	-1.786730	0.000000	0.000001
4.170000	-0.467109	-1.768401	-0.000000	0.000002
4.180000	-0.484698	-1.749364	0.000000	0.000001
4.190000	-0.502094	-1.729628	-0.000000	0.000002
4.200000	-0.519289	-1.709199	0.000000	0.000001
4.210000	-0.536276	-1.688087	0.000000	0.000002
4.220000	-0.553048	-1.666300	0.000000	0.000001
4.230000	-0.569600	-1.643847	0.000000	0.000002
4.240000	-0.585923	-1.620735	0.000001	0.000001
4.250000	-0.602012	-1.596976	0.000000	0.000002
4.260000	-0.617860	-1.572578	0.000001	0.000001
4.270000	-0.633461	-1.547550	0.000000	0.000002
4.280000	-0.648809	-1.521904	0.000001	0.000001
4.290000	-0.663898	-1.495649	0.000000	0.000002
4.300000	-0.678720	-1.468796	0.000001	0.000001
4.310000	-0.693271	-1.441355	0.000000	0.000001
4.320000	-0.707545	-1.413338	0.000001	0.000001
4.330000	-0.721536	-1.384755	0.000000	0.000001
4.340000	-0.735239	-1.355619	0.000001	0.000001
4.350000	-0.748647	-1.325940	0.000000	0.000001
4.360000	-0.761756	-1.295731	0.000000	0.000002
4.370000	-0.774560	-1.265004	0.000000	0.000001
4.380000	-0.787054	-1.233770	0.000000	0.000002
4.390000	-0.799234	-1.202044	0.000000	0.000001
4.400000	-0.811093	-1.169836	0.000000	0.000002
4.410000	-0.822629	-1.137160	0.000000	0.000001
4.420000	-0.833835	-1.104030	0.000000	0.000002
4.430000	-0.844708	-1.070458	0.000001	0.000001
4.440000	-0.855243	-1.036458	0.000000	0.000002
4.450000	-0.865436	-1.002043	0.000001	0.000001
4.460000	-0.875282	-0.967228	0.000000	0.000002
4.470000	-0.884779	-0.932025	0.000001	0.000001
4.480000	-0.893922	-0.896450	0.000000	0.000001
4.490000	-0.902707	-0.860516	0.000001	0.000001
4.500000	-0.911131	-0.824238	0.000000	0.000001
4.510000	-0.919190	-0.787631	0.000001	0.000000
4.520000	-0.926882	-0.750708	0.000001	0.000001
4.530000	-0.934204	-0.713485	0.000001	0.000000
4.540000	-0.941151	-0.675977	0.000001	0.000001
4.550000	-0.947722	-0.638198	0.000001	0.000000
4.560000	-0.953914	-0.600164	0.000001	0.000001
4.570000	-0.959725	-0.561890	0.000001	0.000000
4.580000	-0.965151	-0.523391	0.000001	0.000001
4.590000	-0.970192	-0.484683	0.000001	-0.000000
4.600000	-0.974844	-0.445781	0.000001	0.000001
4.610000	-0.979107	-0.406701	0.000001	0.000002
4.620000	-0.982978	-0.367458	0.000001	0.000001
4.630000	-0.986455	-0.328068	0.000001	0.000002
4.640000	-0.989539	-0.288547	0.000001	0.000001
4.650000	-0.992226	-0.248910	0.000001	0.000001
4.660000	-0.994516	-0.209174	0.000001	0.000000
4.670000	-0.996409	-0.169354	0.000001	0.000001
4.680000	-0.997903	-0.129466	0.000001	0.000000
4.690000	-0.998998	-0.089527	0.000001	0.000001
4.700000	-0.999694	-0.049552	0.000001	0.000000
4.710000	-0.999989	-0.009557	0.000001	0.000001
4.720000	-0.999885	0.030442	0.000001	0.000000
4.730000	-0.999381	0.070429	0.000001	0.000001
4.740000	-0.998476	0.110387	0.000001	-0.000000
4.750000	-0.997173	0.150301	0.000001	0.000001
4.760000	-0.995471	0.190156	0.000001	-0.000000
4.770000	-0.993370	0.229934	0.000001	0.000001
4.780000	-0.990872	0.269620	0.000001	-0.000000
4.790000	-0.987978	0.309198	0.000001	0.000001
4.800000	-0.984689	0.348653	0.000001	-0.000000
4.810000	-0.981005	0.387968	0.000001	0.000000
4.820000	-0.976930	0.427128	0.000001	-0.000001
4.830000	-0.972464	0.466117	0.000001	0.000000
4.840000	-0.967608	0.504920	0.000001	-0.000001
4.850000	-0.962366	0.543521	0.000001	0.000000
4.860000	-0.956739	0.581904	0.000001	-0.000001
4.870000	-0.950729	0.620055	0.000001	0.000000
4.880000	-0.944338	0.657957	0.000001	0.000001
4.890000	-0.937570	0.695597	0.000001	-0.000000
4.900000	-0.930427	0.732958	0.000001	0.000001
4.910000	-0.922912	0.770026	0.000001	-0.000000
4.920000	-0.915028	0.806786	0.000001	0.000001
4.930000	-0.906777	0.843223	0.000001	-0.000000
4.940000	-0.898164	0.879323	0.000001	0.000000
4.950000	-0.889192	0.915072	0.000001	-0.000000
4.960000	-0.879864	0.950454	0.000001	0.000000
4.970000	-0.870184	0.985456	0.000001	-0.000001
4.980000	-0.860156	1.020064	0.000001	0.000000
4.990000	-0.849784	1.054264	0.000001	-0.000001
5.000000	-0.839073	1.088042	0.000001	-0.000000
5.010000	-0.828025	1.121385	0.000001	-0.000001
5.020000	-0.816646	1.154280	0.000001	-0.000000
5.030000	-0.804941	1.186713	0.000001	-0.000001
5.040000	-0.792914	1.218671	0.000001	-0.000000
5.050000	-0.780569	1.250141	0.000001	-0.000001
5.060000	-0.767913	1.281112	0.000001	-0.000000
5.070000	-0.754949	1.311570	0.000001	-0.000001
5.080000	-0.741683	1.341504	0.000001	-0.000000
5.090000	-0.728120	1.370901	0.000001	-0.000001
5.100000	-0.714267	1.399750	0.000001	-0.000000
5.110000	-0.700127	1.428038	0.000001	-0.000001
5.120000	-0.685708	1.455756	0.000001	-0.000001
5.130000	-0.671014	1.482891	0.000001	0.000000
5.140000	-0.656052	1.509434	0.000001	-0.000001
5.150000	-0.640827	1.535372	0.000001	-0.000000
5.160000	-0.625347	1.560696	0.000001	-0.000001
5.170000	-0.609616	1.585396	0.000001	-0.000000
5.180000	-0.593641	1.609462	0.000001	-0.000001
5.190000	-0.577428	1.632885	0.000001	-0.000000
5.200000	-0.560985	1.655653	0.000001	-0.000001
5.210000	-0.544318	1.677760	0.000001	-0.000000
5.220000	-0.527432	1.699196	0.000001	-0.000001
5.230000	-0.510336	1.719952	0.000001	-0.000001
5.240000	-0.493036	1.740020	0.000001	-0.000001
5.250000	-0.475538	1.759392	0.000001	-0.000001
5.260000	-0.457850	1.778061	0.000001	-0.000001
5.270000	-0.439979	1.796018	0.000001	-0.000001
5.280000	-0.421932	1.813257	0.000000	-0.000001
5.290000	-0.403716	1.829770	0.000001	-0.000001
5.300000	-0.385339	1.845552	0.000000	-0.000001
5.310000	-0.366808	1.860595	0.000001	-0.000001
5.320000	-0.348130	1.874894	0.000000	-0.000001
5.330000	-0.329312	1.888444	0.000001	-0.000001
5.340000	-0.310363	1.901237	0.000000	-0.000001
5.350000	-0.291290	1.913271	0.000001	-0.000001
5.360000	-0.272100	1.924539	0.000000	-0.000001
5.370000	-0.252802	1.935037	0.000001	-0.000001
5.380000	-0.233402	1.944762	0.000001	-0.000001
5.390000	-0.213909	1.953708	0.000001	-0.000001
5.400000	-0.194331	1.961874	0.000001	-0.000001
5.410000	-0.174674	1.969254	0.000001	-0.000001
5.420000	-0.154948	1.975847	0.000001	-0.000001
5.430000	-0.135160	1.981649	0.000000	-0.000001
5.440000	-0.115318	1.986659	0.000001	-0.000001
5.450000	-0.095430	1.990874	0.000000	-0.000001
5.460000	-0.075503	1.994293	0.000001	-0.000001
5.470000	-0.055546	1.996914	0.000000	-0.000001
5.480000	-0.035568	1.998736	0.000001	-0.000001
5.490000	-0.015574	1.999759	0.000000	-0.000001
5.500000	0.004425	1.999982	0.000001	-0.000001
5.510000	0.024423	1.999405	0.000000	-0.000001
5.520000	0.044410	1.998028	0.000001	-0.000001
5.530000	0.064380	1.995852	0.000000	-0.000001
5.540000	0.084325	1.992878	0.000001	-0.000002
5.550000	0.104235	1.989107	0.000000	-0.000001
5.560000	0.124104	1.984540	0.000001	-0.000002
5.570000	0.143924	1.979179	0.000000	-0.000002
5.580000	0.163685	1.973027	0.000000	-0.000002
5.590000	0.183381	1.966085	-0.000000	-0.000002
5.600000	0.203004	1.958357	0.000000	-0.000002
5.610000	0.222546	1.949846	-0.000000	-0.000001
5.620000	0.241999	1.940555	0.000000	-0.000002
5.630000	0.261354	1.930487	-0.000000	-0.000002
5.640000	0.280606	1.919648	0.000000	-0.000002
5.650000	0.299745	1.908040	0.000001	-0.000002
5.660000	0.318764	1.895670	0.000000	-0.000002
5.670000	0.337656	1.882541	0.000001	-0.000002
5.680000	0.356412	1.868659	0.000000	-0.000002
5.690000	0.375026	1.854030	0.000001	-0.000002
5.700000	0.393490	1.838659	0.000000	-0.000002
5.710000	0.411797	1.822553	0.000000	-0.000002
5.720000	0.429939	1.805717	-0.000000	-0.000002
5.730000	0.447909	1.788160	0.000000	-0.000002
5.740000	0.465700	1.769887	-0.000000	-0.000002
5.750000	0.483304	1.750906	0.000000	-0.000002
5.760000	0.500716	1.731225	-0.000000	-0.000002
5.770000	0.517927	1.710852	0.000000	-0.000002
5.780000	0.534930	1.689794	-0.000000	-0.000001
5.790000	0.551720	1.668060	0.000000	-0.000002
5.800000	0.568289	1.645659	-0.000000	-0.000001
5.810000	0.584631	1.622600	0.000000	-0.000002
5.820000	0.600739	1.598892	-0.000000	-0.000001
5.830000	0.616607	1.574544	-0.000000	-0.000002
5.840000	0.632228	1.549567	-0.000000	-0.000001
5.850000	0.647596	1.523969	-0.000000	-0.000002
5.860000	0.662705	1.497762	-0.000000	-0.000001
5.870000	0.677549	1.470956	-0.000000	-0.000002
5.880000	0.692123	1.443562	-0.000000	-0.000001
5.890000	0.706419	1.415590	-0.000000	-0.000002
5.900000	0.720433	1.387052	0.000000	-0.000002
5.910000	0.734158	1.357960	-0.000000	-0.000002
5.920000	0.747590	1.328324	0.000000	-0.000002
5.930000	0.760723	1.298156	-0.000000	-0.000002
5.940000	0.773551	1.267470	0.000000	-0.000002
5.950000	0.786070	1.236276	-0.000000	-0.000002
5.960000	0.798275	1.204588	-0.000000	-0.000002
5.970000	0.810160	1.172419	-0.000000	-0.000001
5.980000	0.821722	1.139780	-0.000000	-0.000002
5.990000	0.832955	1.106685	-0.000000	-0.000001
6.000000	0.843854	1.073148	-0.000000	-0.000002
6.010000	0.854416	1.039181	-0.000000	-0.000001
6.020000	0.864636	1.004799	-0.000000	-0.000002
6.030000	0.874511	0.970015	-0.000000	-0.000001
6.040000	0.884035	0.934843	-0.000000	-0.000002
6.050000	0.893206	0.899297	-0.000000	-0.000001
6.060000	0.902020	0.863391	-0.000000	-0.000002
6.070000	0.910473	0.827140	-0.000001	-0.000001
6.080000	0.918562	0.790558	-0.000000	-0.000002
6.090000	0.926283	0.753660	-0.000001	-0.000001
6.100000	0.933634	0.716461	-0.000000	-0.000002
6.110000	0.940611	0.678974	-0.000001	-0.000001
6.120000	0.947213	0.641217	-0.000000	-0.000002
6.130000	0.953435	0.603202	-0.000001	-0.000001
6.140000	0.959276	0.564947	-0.000000	-0.000001
6.150000	0.964733	0.526465	-0.000000	-0.000002
6.160000	0.969804	0.487773	-0.000000	-0.000001
6.170000	0.974488	0.448886	-0.000000	-0.000002
6.180000	0.978781	0.409820	-0.000000	-0.000001
6.190000	0.982684	0.370589	-0.000000	-0.000002
6.200000	0.986193	0.331210	-0.000001	-0.000001
6.210000	0.989307	0.291699	-0.000000	-0.000002
6.220000	0.992026	0.252071	-0.000001	-0.000001
6.230000	0.994348	0.212342	-0.000000	-0.000002
6.240000	0.996273	0.172528	-0.000001	-0.000001
6.250000	0.997799	0.132645	-0.000001	-0.000002
6.260000	0.998926	0.092710	-0.000001	-0.000001
6.270000	0.999653	0.052737	-0.000001	-0.000002
6.280000	0.999980	0.012743	-0.000001	-0.000001
6.290000	0.999908	-0.027256	-0.000001	-0.000001
6.300000	0.999435	-0.067245	-0.000001	-0.000000
6.310000	0.998563	-0.107206	-0.000001	-0.000001
6.320000	0.997291	-0.147124	-0.000001	-0.000000
6.330000	0.995621	-0.186984	-0.000001	-0.000001
6.340000	0.993552	-0.226769	-0.000001	-0.000000
6.350000	0.991086	-0.266463	-0.000001	-0.000001
6.360000	0.988223	-0.306050	-0.000001	-0.000000
6.370000	0.984965	-0.345515	-0.000001	-0.000001
6.380000	0.981313	-0.384842	-0.000001	0.000000
6.390000	0.977269	-0.424015	-0.000001	-0.000001
6.400000	0.972833	-0.463018	-0.000001	0.000000
6.410000	0.968009	-0.501837	-0.000001	-0.000001
6.420000	0.962797	-0.540454	-0.000001	-0.000001
6.430000	0.957200	-0.578855	-0.000001	-0.000000
6.440000	0.951221	-0.617025	-0.000001	-0.000001
6.450000	0.944861	-0.654948	-0.000001	-0.000000
6.460000	0.938123	-0.692609	-0.000001	-0.000001
6.470000	0.931010	-0.729993	-0.000001	-0.000000
6.480000	0.923524	-0.767085	-0.000001	-0.000001
6.490000	0.915669	-0.803870	-0.000001	-0.000000
6.500000	0.907448	-0.840333	-0.000001	-0.000001
6.510000	0.898863	-0.876461	-0.000001	0.000000
6.520000	0.889920	-0.912237	-0.000001	-0.000001
6.530000	0.880620	-0.947649	-0.000001	0.000000
6.540000	0.870968	-0.982682	-0.000001	-0.000001
6.550000	0.860968	-1.017322	-0.000001	0.000000
6.560000	0.850623	-1.051555	-0.000001	-0.000000
6.570000	0.839938	-1.085367	-0.000001	0.000000
6.580000	0.828917	-1.118746	-0.000001	-0.000000
6.590000	0.817564	-1.151676	-0.000001	0.000000
6.600000	0.805885	-1.184147	-0.000001	-0.000000
6.610000	0.793883	-1.216143	-0.000000	0.000001
6.620000	0.781564	-1.247653	-0.000001	-0.000000
6.630000	0.768932	-1.278664	-0.000000	0.000001
6.640000	0.755992	-1.309163	-0.000001	0.000000
6.650000	0.742750	-1.339139	-0.000000	0.000001
6.660000	0.729211	-1.368579	-0.000001	0.000000
6.670000	0.715380	-1.397472	-0.000001	-0.000001
6.680000	0.701263	-1.425806	-0.000001	0.000000
6.690000	0.686866	-1.453569	-0.000001	-0.000000
6.700000	0.672194	-1.480752	-0.000001	0.000000
6.710000	0.657253	-1.507341	-0.000001	-0.000000
6.720000	0.642049	-1.533328	-0.000001	0.000000
6.730000	0.626588	-1.558702	-0.000001	-0.000000
6.740000	0.610877	-1.583452	-0.000000	0.000000
6.750000	0.594922	-1.607569	-0.000001	-0.000000
6.760000	0.578728	-1.631042	-0.000000	0.000000
6.770000	0.562303	-1.653864	-0.000001	0.000000
6.780000	0.545653	-1.676024	-0.000000	0.000001
6.790000	0.528785	-1.697513	-0.000001	0.000000
6.800000	0.511705	-1.718324	-0.000000	0.000001
6.810000	0.494420	-1.738447	-0.000001	0.000000
6.820000	0.476938	-1.757875	-0.000000	0.000001
6.830000	0.459265	-1.776599	-0.000001	0.000000
6.840000	0.441409	-1.794613	-0.000000	0.000001
6.850000	0.423375	-1.811910	-0.000001	0.000000
6.860000	0.405173	-1.828481	-0.000000	0.000001
6.870000	0.386808	-1.844321	-0.000001	0.000000
6.880000	0.368289	-1.859424	-0.000000	0.000001
6.890000	0.349622	-1.873783	-0.000001	0.000001
6.900000	0.330816	-1.887392	-0.000000	0.000001
6.910000	0.311877	-1.900246	-0.000001	0.000001
6.920000	0.292813	-1.912340	-0.000001	0.000000
6.930000	0.273633	-1.923670	-0.000001	0.000001
6.940000	0.254343	-1.934229	-0.000001	0.000000
6.950000	0.234951	-1.944015	-0.000000	0.000001
6.960000	0.215465	-1.953024	-0.000001	0.000001
6.970000	0.195893	-1.961252	-0.000000	0.000001
6.980000	0.176242	-1.968695	-0.000001	0.000001
6.990000	0.156522	-1.975350	-0.000000	0.000001
7.000000	0.136738	-1.981215	-0.000001	0.000001
7.010000	0.116900	-1.986288	-0.000000	0.000001
7.020000	0.097015	-1.990567	-0.000001	0.000001
7.030000	0.077091	-1.994049	-0.000000	0.000001
7.040000	0.057137	-1.996734	-0.000001	0.000001
7.050000	0.037159	-1.998620	-0.000000	0.000001
7.060000	0.017167	-1.999706	-0.000001	0.000001
7.070000	-0.002832	-1.999993	-0.000000	0.000001
7.080000	-0.022830	-1.999480	-0.000001	0.000001
7.090000	-0.042819	-1.998166	-0.000000	0.000001
7.100000	-0.062791	-1.996054	-0.000001	0.000001
7.110000	-0.082738	-1.993144	-0.000000	0.000001
7.120000	-0.102651	-1.989436	-0.000001	0.000001
7.130000	-0.122524	-1.984932	-0.000000	0.000001
7.140000	-0.142347	-1.979635	-0.000000	0.000001
7.150000	-0.162114	-1.973545	0.000000	0.000001
7.160000	-0.181815	-1.966666	-0.000000	0.000001
7.170000	-0.201444	-1.959001	-0.000001	0.000001
7.180000	-0.220993	-1.950552	-0.000000	0.000001
7.190000	-0.240453	-1.941323	-0.000001	0.000001
7.200000	-0.259817	-1.931317	-0.000000	0.000001
7.210000	-0.279077	-1.920539	-0.000001	0.000001
7.220000	-0.298225	-1.908992	-0.000000	0.000001
7.230000	-0.317254	-1.896682	-0.000001	0.000001
7.240000	-0.336156	-1.883614	-0.000000	0.000001
7.250000	-0.354924	-1.869792	-0.000001	0.000001
7.260000	-0.373549	-1.855222	-0.000000	0.000001
7.270000	-0.392026	-1.839910	-0.000000	0.000001
7.280000	-0.410345	-1.823862	-0.000000	0.000001
7.290000	-0.428500	-1.807084	-0.000000	0.000001
7.300000	-0.446484	-1.789584	0.000000	0.000001
7.310000	-0.464290	-1.771368	-0.000000	0.000001
7.320000	-0.481909	-1.752443	0.000000	0.000001
7.330000	-0.499336	-1.732818	-0.000000	0.000001
7.340000	-0.516563	-1.712499	0.000000	0.000001
7.350000	-0.533584	-1.691495	-0.000000	0.000001
7.360000	-0.550391	-1.669815	0.000000	0.000001
7.370000	-0.566978	-1.647467	-0.000000	0.000001
7.380000	-0.583338	-1.624460	0.000000	0.000001
7.390000	-0.599465	-1.600803	-0.000000	0.000001
7.400000	-0.615352	-1.576506	0.000000	0.000001
7.410000	-0.630993	-1.551578	-0.000000	0.000001
7.420000	-0.646382	-1.526030	0.000000	0.000001
7.430000	-0.661512	-1.499871	-0.000000	0.000001
7.440000	-0.676377	-1.473112	-0.000000	0.000002
7.450000	-0.690972	-1.445765	-0.000000	0.000001
7.460000	-0.705290	-1.417838	-0.000000	0.000002
7.470000	-0.719327	-1.389345	-0.000000	0.000001
7.480000	-0.733075	-1.360296	-0.000000	0.000002
7.490000	-0.746531	-1.330703	-0.000000	0.000001
7.500000	-0.759688	-1.300578	-0.000000	0.000002
7.510000	-0.772541	-1.269932	0.000000	0.000001
7.520000	-0.785085	-1.238778	-0.000000	0.000002
7.530000	-0.797314	-1.207129	0.000000	0.000001
7.540000	-0.809226	-1.174997	-0.000000	0.000002
7.550000	-0.820813	-1.142396	0.000000	0.000001
7.560000	-0.832072	-1.109337	-0.000000	0.000002
7.570000	-0.842998	-1.075834	0.000000	0.000001
7.580000	-0.853587	-1.041902	-0.000000	0.000002
7.590000	-0.863835	-1.007552	0.000000	0.000001
7.600000	-0.873737	-0.972799	-0.000000	0.000002
7.610000	-0.883289	-0.937658	0.000000	0.000001
7.620000	-0.892489	-0.902141	-0.000000	0.000002
7.630000	-0.901331	-0.866263	0.000000	0.000001
7.640000	-0.909813	-0.830039	-0.000000	0.000002
7.650000	-0.917931	-0.793483	0.000000	0.000001
7.660000	-0.925681	-0.756610	-0.000000	0.000002
7.670000	-0.933062	-0.719434	0.000000	0.000001
7.680000	-0.940069	-0.681970	0.000000	0.000001
7.690000	-0.946700	-0.644233	-0.000000	0.000002
7.700000	-0.952953	-0.606239	0.000000	0.000001
7.710000	-0.958824	-0.568002	0.000000	0.000002
7.720000	-0.964312	-0.529538	0.000000	0.000001
7.730000	-0.969414	-0.490862	0.000000	0.000002
7.740000	-0.974129	-0.451990	0.000000	0.000001
7.750000	-0.978454	-0.412937	0.000000	0.000002
7.760000	-0.982387	-0.373719	0.000000	0.000001
7.770000	-0.985927	-0.334351	0.000000	0.000002
7.780000	-0.989074	-0.294850	0.000000	0.000001
7.790000	-0.991824	-0.255231	0.000000	0.000002
7.800000	-0.994178	-0.215509	0.000000	0.000001
7.810000	-0.996134	-0.175702	0.000000	0.000002
7.820000	-0.997692	-0.135824	0.000000	0.000001
7.830000	-0.998850	-0.095892	0.000000	0.000002
7.840000	-0.999609	-0.055921	0.000000	0.000001
7.850000	-0.999969	-0.015928	0.000000	0.000002
7.860000	-0.999928	0.024071	0.000000	0.000001
7.870000	-0.999487	0.064060	0.000000	0.000002
7.880000	-0.998647	0.104024	0.000000	0.000001
7.890000	-0.997407	0.143947	0.000000	0.000002
7.900000	-0.995768	0.183812	0.000000	0.000000
7.910000	-0.993731	0.223603	0.000000	0.000001
7.920000	-0.991296	0.263305	0.000000	0.000000
7.930000	-0.988465	0.302901	0.000000	0.000001
7.940000	-0.985239	0.342377	0.000001	0.000002
7.950000	-0.981618	0.381715	0.000000	0.000001
7.960000	-0.977605	0.420901	0.000001	0.000002
7.970000	-0.973201	0.459918	0.000000	0.000001
7.980000	-0.968407	0.498752	0.000001	0.000002
7.990000	-0.963226	0.537386	0.000000	0.000001
8.000000	-0.957660	0.575805	0.000001	0.000002
8.010000	-0.951711	0.613994	0.000001	0.000003
8.020000	-0.945381	0.651937	0.000000	-0.000000
8.030000	-0.938673	0.689619	0.000001	0.000001
8.040000	-0.931590	0.727026	0.000001	0.000002
8.050000	-0.924134	0.764141	0.000001	0.000002
8.059999	-0.916308	0.800951	0.000000	-0.000000
8.070000	-0.908116	0.837441	0.000000	0.000000
8.080000	-0.899560	0.873596	0.000001	0.000001
8.090000	-0.890645	0.909401	0.000001	0.000002
8.099999	-0.881373	0.944842	0.000000	-0.000000
8.110000	-0.871749	0.979906	0.000000	0.000000
8.120000	-0.861776	1.014578	0.000001	0.000001
8.130000	-0.851459	1.048844	0.000001	0.000002
8.139999	-0.840801	1.082690	0.000000	-0.000001
8.150000	-0.829807	1.116103	0.000000	-0.000000
8.160000	-0.818480	1.149070	0.000001	0.000001
8.170000	-0.806827	1.181577	0.000001	0.000001
8.179999	-0.794850	1.213612	0.000000	-0.000001
8.190000	-0.782556	1.245161	0.000000	-0.000000
8.200000	-0.769949	1.276212	0.000001	0.000000
8.210000	-0.757034	1.306753	0.000001	0.000001
8.220000	-0.743816	1.336771	0.000001	0.000002
8.230000	-0.730300	1.366254	0.000000	-0.000000
8.240000	-0.716492	1.395191	0.000001	0.000000
8.250000	-0.702398	1.423570	0.000001	0.000001
8.260000	-0.688023	1.451379	0.000001	0.000001
8.270000	-0.673372	1.478608	0.000000	-0.000001
8.280000	-0.658453	1.505246	0.000001	-0.000000
8.290000	-0.643269	1.531281	0.000001	0.000000
8.300000	-0.627829	1.556704	0.000001	0.000001
8.309999	-0.612137	1.581504	0.000000	-0.000001
8.320000	-0.596201	1.605671	0.000000	-0.000000
8.330000	-0.580026	1.629197	0.000001	0.000000
8.340000	-0.563619	1.652070	0.000001	0.000001
8.349999	-0.546987	1.674283	0.000000	-0.000001
8.360000	-0.530136	1.695826	0.000000	-0.000000
8.370000	-0.513073	1.716691	0.000001	0.000000
8.380000	-0.495804	1.736869	0.000001	0.000000
8.389999	-0.478338	1.756353	-0.000000	-0.000001
8.400000	-0.460680	1.775134	0.000000	-0.000000
8.410000	-0.442837	1.793205	0.000001	-0.000000
8.420000	-0.424818	1.810558	0.000001	0.000000
8.429999	-0.406629	1.827188	-0.000000	-0.000001
8.440000	-0.388277	1.843086	0.000000	-0.000000
8.450000	-0.369769	1.858248	0.000001	-0.000000
8.460000	-0.351114	1.872666	0.000001	0.000000
8.470000	-0.332318	1.886335	0.000001	0.000000
8.480000	-0.313390	1.899250	0.000000	-0.000000
8.490000	-0.294336	1.911405	0.000001	-0.000000
8.500000	-0.275164	1.922795	0.000001	0.000000
8.510000	-0.255883	1.933416	0.000001	0.000000
8.520000	-0.236499	1.943264	0.000000	-0.000001
8.530000	-0.217020	1.952335	0.000000	-0.000000
8.540000	-0.197455	1.960625	0.000001	-0.000000
8.550000	-0.177810	1.968130	0.000001	-0.000000
8.559999	-0.158095	1.974849	-0.000000	-0.000001
8.570000	-0.138316	1.980777	0.000000	-0.000000
8.580000	-0.118482	1.985913	0.000001	-0.000000
8.590000	-0.098600	1.990255	0.000001	-0.000000
8.599999	-0.078679	1.993801	-0.000000	-0.000001
8.610000	-0.058727	1.996549	0.000000	-0.000001
8.620000	-0.038751	1.998498	0.000001	-0.000001
8.630000	-0.018759	1.999649	0.000001	-0.000001
8.639999	0.001239	1.999999	-0.000000	-0.000001
8.650000	0.021238	1.999550	0.000000	-0.000001
8.660000	0.041228	1.998300	0.000001	-0.000001
8.670000	0.061201	1.996252	0.000001	-0.000001
8.679999	0.081150	1.993405	-0.000000	-0.000001
8.690000	0.101067	1.989760	0.000000	-0.000001
8.700000	0.120943	1.985320	0.000001	-0.000001
8.710000	0.140770	1.980085	0.000001	-0.000001
8.720000	0.160542	1.974059	0.000001	-0.000001
8.730000	0.180249	1.967243	0.000000	-0.000001
8.740000	0.199884	1.959640	0.000000	-0.000001
8.750000	0.219439	1.951253	0.000001	-0.000001
8.760000	0.238906	1.942086	0.000001	-0.000001
8.770000	0.258278	1.932142	-0.000000	-0.000001
8.780000	0.277547	1.921425	0.000000	-0.000001
8.790000	0.296704	1.909940	0.000001	-0.000001
8.800000	0.315743	1.897690	0.000001	-0.000002
8.809999	0.334655	1.884682	-0.000000	-0.000001
8.820000	0.353434	1.870920	0.000000	-0.000001
8.830000	0.372071	1.856409	0.000001	-0.000001
8.840000	0.390560	1.841156	0.000001	-0.000002
8.849999	0.408892	1.825166	-0.000000	-0.000001
8.860000	0.427061	1.808447	0.000000	-0.000001
8.870000	0.445058	1.791004	0.000001	-0.000001
8.880000	0.462878	1.772844	0.000001	-0.000002
8.889999	0.480513	1.753976	-0.000000	-0.000000
8.900000	0.497956	1.734406	0.000000	-0.000001
8.910000	0.515199	1.714142	0.000000	-0.000001
8.920000	0.532236	1.693193	0.000001	-0.000002
8.929999	0.549060	1.671566	-0.000000	-0.000000
8.940000	0.565665	1.649271	-0.000000	-0.000001
8.950000	0.582044	1.626316	0.000000	-0.000001
8.960000	0.598189	1.602711	0.000001	-0.000002
8.970000	0.614096	1.578464	0.000001	-0.000003
8.980000	0.629756	1.553586	-0.000000	-0.000001
8.990000	0.645165	1.528087	0.000000	-0.000001
9.000000	0.660316	1.501976	0.000001	-0.000002
9.010000	0.675203	1.475265	0.000001	-0.000003
9.020000	0.689819	1.447964	-0.000000	-0.000001
9.030000	0.704160	1.420083	0.000000	-0.000001
9.040000	0.718219	1.391635	0.000001	-0.000002
9.050000	0.731991	1.362630	0.000001	-0.000003
9.059999	0.745470	1.333079	-0.000000	-0.000001
9.070000	0.758651	1.302996	0.000000	-0.000001
9.080000	0.771528	1.272391	0.000000	-0.000002
9.090000	0.784097	1.241278	0.000001	-0.000003
9.099999	0.796352	1.209668	-0.000000	-0.000000
9.110000	0.808289	1.177574	0.000000	-0.000001
9.120000	0.819902	1.145009	0.000000	-0.000002
9.130000	0.831187	1.111986	0.000001	-0.000003
9.139999	0.842140	1.078519	-0.000000	-0.000000
9.150000	0.852756	1.044620	-0.000000	-0.000001
9.160000	0.863031	1.010303	0.000000	-0.000002
9.170000	0.872961	0.975582	0.000000	-0.000003
9.179999	0.882541	0.940470	-0.000000	-0.000000
9.190000	0.891769	0.904983	-0.000000	-0.000001
9.200000	0.900640	0.869134	0.000000	-0.000002
9.210000	0.909151	0.832937	0.000000	-0.000003
9.220000	0.917298	0.796406	0.000000	-0.000003
9.230000	0.925078	0.759558	-0.000000	-0.000001
9.240000	0.932488	0.722405	-0.000000	-0.000002
9.250000	0.939525	0.684964	0.000000	-0.000002
9.260000	0.946186	0.647248	0.000000	-0.000003
9.270000	0.952469	0.609274	-0.000000	-0.000001
9.280000	0.958371	0.571056	-0.000000	-0.000001
9.290000	0.963889	0.532609	-0.000000	-0.000002
9.300000	0.969022	0.493950	0.000000	-0.000003
9.309999	0.973768	0.455093	-0.000000	-0.000000
9.320000	0.978123	0.416054	-0.000000	-0.000001
9.330000	0.982088	0.376848	-0.000000	-0.000002
9.340000	0.985660	0.337492	-0.000000	-0.000003
9.349999	0.988838	0.298000	-0.000000	-0.000000
9.360000	0.991620	0.258390	-0.000000	-0.000001
9.370000	0.994005	0.218676	-0.000000	-0.000002
9.380000	0.995993	0.178875	-0.000000	-0.000003
9.389999	0.997582	0.139002	-0.000000	0.000000
9.400000	0.998773	0.099074	-0.000000	-0.000001
9.410000	0.999564	0.059106	-0.000000	-0.000002
9.420000	0.999955	0.019114	-0.000000	-0.000003
9.429999	0.999946	-0.020885	-0.000000	0.000000
9.440000	0.999537	-0.060876	-0.000000	-0.000001
9.450000	0.998728	-0.100843	-0.000000	-0.000002
9.460000	0.997520	-0.140769	-0.000000	-0.000002
9.469999	0.995913	-0.180639	-0.000000	0.000000
9.480000	0.993908	-0.220437	-0.000000	-0.000000
9.490000	0.991505	-0.260147	-0.000000	-0.000001
9.500000	0.988705	-0.299752	-0.000000	-0.000002
9.510000	0.985510	-0.339238	-0.000001	-0.000003
9.520000	0.981921	-0.378588	-0.000000	-0.000000
9.530000	0.977939	-0.417786	-0.000000	-0.000001
9.540000	0.973566	-0.456818	-0.000001	-0.000002
9.550000	0.968803	-0.495666	-0.000001	-0.000003
9.559999	0.963653	-0.534317	-0.000000	-0.000000
9.570000	0.958117	-0.572753	-0.000000	-0.000001
9.580000	0.952199	-0.610961	-0.000001	-0.000002
9.590000	0.945899	-0.648924	-0.000001	-0.000003
9.599999	0.939221	-0.686628	-0.000000	0.000000
9.610000	0.932167	-0.724057	-0.000000	-0.000001
9.620000	0.924741	-0.761196	-0.000001	-0.000002
9.630000	0.916944	-0.798031	-0.000001	-0.000002
9.639999	0.908781	-0.834547	-0.000000	0.000000
9.650000	0.900255	-0.870729	-0.000000	-0.000001
9.660000	0.891368	-0.906563	-0.000001	-0.000001
9.670000	0.882125	-0.942034	-0.000001	-0.000002
9.679999	0.872528	-0.977128	-0.000000	0.000000
9.690000	0.862583	-1.011831	-0.000000	-0.000000
9.700000	0.852293	-1.046130	-0.000001	-0.000001
9.710000	0.841662	-1.080010	-0.000001	-0.000002
9.719999	0.830694	-1.113458	-0.000000	0.000001
9.730000	0.819394	-1.146461	-0.000000	-0.000000
9.740000	0.807767	-1.179005	-0.000001	-0.000001
9.750000	0.795816	-1.211078	-0.000001	-0.000002
9.760000	0.783547	-1.242666	-0.000001	-0.000002
9.770000	0.770964	-1.273758	-0.000000	-0.000000
9.780000	0.758073	-1.304339	-0.000001	-0.000001
9.790000	0.744879	-1.334399	-0.000001	-0.000002
9.800000	0.731387	-1.363926	-0.000001	-0.000002
9.809999	0.717602	-1.392906	-0.000000	-0.000000
9.820000	0.703531	-1.421330	-0.000001	-0.000001
9.830000	0.689178	-1.449185	-0.000001	-0.000001
9.840000	0.674549	-1.476461	-0.000001	-0.000002
9.849999	0.659651	-1.503145	-0.000000	0.000000
9.860000	0.644488	-1.529229	-0.000001	-0.000001
9.870000	0.629068	-1.554701	-0.000001	-0.000001
9.880000	0.613396	-1.579551	-0.000001	-0.000002
9.889999	0.597479	-1.603769	-0.000000	0.000000
9.900000	0.581323	-1.627346	-0.000000	-0.000000
9.910000	0.564934	-1.650272	-0.000001	-0.000001
9.920000	0.548320	-1.672538	-0.000001	-0.000001
9.929999	0.531486	-1.694135	-0.000000	0.000000
9.940000	0.514439	-1.715054	-0.000000	-0.000000
9.950000	0.497187	-1.735287	-0.000001	-0.000001
9.960000	0.479736	-1.754826	-0.000001	-0.000001
9.969999	0.462093	-1.773663	0.000000	0.000000
9.980000	0.444265	-1.791791	-0.000000	-0.000000
9.990000	0.426259	-1.809202	-0.000001	-0.000000
10.000000	0.408083	-1.825890	-0.000001	-0.000001
10.010000	0.389744	-1.841847	-0.000002	-0.000001
10.020000	0.371249	-1.857067	-0.000000	0.000000
10.030000	0.352605	-1.871545	-0.000001	-0.000000
10.040000	0.333820	-1.885274	-0.000001	-0.000000
10.050000	0.314902	-1.898249	-0.000002	-0.000001
10.059999	0.295858	-1.910464	-0.000000	0.000000
10.070000	0.276695	-1.921916	-0.000001	0.000000
10.080000	0.257422	-1.932598	-0.000001	-0.000000
10.090000	0.238046	-1.942508	-0.000002	-0.000000
10.099999	0.218575	-1.951641	-0.000000	0.000000
10.110000	0.199016	-1.959993	-0.000001	0.000000
10.120000	0.179377	-1.967561	-0.000001	0.000000
10.130000	0.159667	-1.974342	-0.000001	-0.000000
10.139999	0.139893	-1.980334	-0.000000	0.000000
10.150000	0.120063	-1.985533	-0.000000	0.000000
10.160000	0.100185	-1.989938	-0.000001	0.000000
10.170000	0.080267	-1.993547	-0.000001	0.000000
10.179999	0.060317	-1.996359	-0.000000	0.000001
10.190000	0.040343	-1.998372	-0.000000	0.000000
10.200000	0.020352	-1.999586	-0.000001	0.000000
10.210000	0.000354	-2.000000	-0.000001	0.000000
10.219999	-0.019645	-1.999614	0.000000	0.000000
10.229999	-0.039636	-1.998429	-0.000000	0.000000
10.240000	-0.059611	-1.996444	-0.000001	0.000001
10.250000	-0.079562	-1.993660	-0.000001	0.000001
10.260000	-0.099482	-1.990079	-0.000002	0.000001
10.270000	-0.119361	-1.985702	-0.000000	0.000000
10.280000	-0.139193	-1.980531	-0.000001	0.000001
10.290000	-0.158969	-1.974567	-0.000001	0.000001
10.300000	-0.178682	-1.967814	-0.000002	0.000001
10.309999	-0.198323	-1.960274	-0.000000	0.000000
10.320000	-0.217885	-1.951949	-0.000001	0.000001
10.330000	-0.237359	-1.942844	-0.000001	0.000001
10.340000	-0.256739	-1.932962	-0.000002	0.000001
10.349999	-0.276016	-1.922307	-0.000000	0.000000
10.360000	-0.295182	-1.910882	-0.000001	0.000001
10.370000	-0.314231	-1.898694	-0.000001	0.000001
10.380000	-0.333154	-1.885745	-0.000001	0.000001
10.389999	-0.351943	-1.872043	-0.000000	0.000000
10.400000	-0.370592	-1.857592	-0.000000	0.000001
10.410000	-0.389093	-1.842398	-0.000001	0.000001
10.420000	-0.407438	-1.826467	-0.000001	0.000002
10.429999	-0.425620	-1.809805	0.000000	0.000001
10.440000	-0.443631	-1.792419	-0.000000	0.000001
10.450000	-0.461466	-1.774317	-0.000001	0.000001
10.460000	-0.479115	-1.755504	-0.000001	0.000002
10.469999	-0.496573	-1.735990	0.000000	0.000000
10.479999	-0.513833	-1.715781	-0.000000	0.000001
10.490000	-0.530887	-1.694886	-0.000001	0.000001
10.500000	-0.547728	-1.673313	-0.000001	0.000002
10.510000	-0.564351	-1.651071	-0.000001	0.000002
10.520000	-0.580747	-1.628168	-0.000000	0.000001
10.530000	-0.596912	-1.604614	-0.000000	0.000001
10.540000	-0.612838	-1.580418	-0.000001	0.000002
10.550000	-0.628518	-1.555590	-0.000001	0.000002
10.559999	-0.643947	-1.530140	-0.000000	0.000001
10.570000	-0.659119	-1.504078	-0.000000	0.000001
10.580000	-0.674027	-1.477414	-0.000001	0.000002
10.590000	-0.688665	-1.450159	-0.000001	0.000003
10.599999	-0.703028	-1.422325	-0.000000	0.000001
10.610000	-0.717110	-1.393921	-0.000000	0.000001
10.620000	-0.730905	-1.364960	-0.000001	0.000002
10.630000	-0.744407	-1.335452	-0.000001	0.000003
10.639999	-0.757612	-1.305411	0.000000	0.000001
10.650000	-0.770514	-1.274848	-0.000000	0.000001
10.660000	-0.783107	-1.243774	-0.000000	0.000002
10.670000	-0.795387	-1.212203	-0.000001	0.000003
10.679999	-0.807350	-1.180147	0.000000	0.000001
10.690000	-0.818989	-1.147620	-0.000000	0.000001
10.700000	-0.830301	-1.114633	-0.000000	0.000002
10.710000	-0.841280	-1.081200	-0.000001	0.000003
10.719999	-0.851923	-1.047335	0.000000	0.000000
10.729999	-0.862225	-1.013051	-0.000000	0.000001
10.740000	-0.872183	-0.978361	-0.000000	0.000002
10.750000	-0.881791	-0.943281	-0.000001	0.000003
10.760000	-0.891047	-0.907823	-0.000001	0.000003
10.770000	-0.899946	-0.872002	-0.000000	0.000001
10.780000	-0.908486	-0.835832	-0.000000	0.000002
10.790000	-0.916662	-0.799328	-0.000000	0.000003
10.800000	-0.924471	-0.762504	-0.000001	0.000004
10.809999	-0.931911	-0.725375	-0.000000	0.000001
10.820000	-0.938978	-0.687956	-0.000000	0.000002
10.830000	-0.945669	-0.650262	-0.000000	0.000002
10.840000	-0.951982	-0.612307	-0.000000	0.000004
10.849999	-0.957915	-0.574108	0.000000	0.000001
10.860000	-0.963464	-0.535679	-0.000000	0.000002
10.870000	-0.968627	-0.497036	-0.000000	0.000003
10.880000	-0.973404	-0.458194	-0.000000	0.000003
10.889999	-0.977791	-0.419169	0.000000	0.000001
10.900000	-0.981786	-0.379976	-0.000000	0.000001
10.910000	-0.985390	-0.340632	-0.000000	0.000002
10.920000	-0.988599	-0.301150	-0.000000	0.000003
10.929999	-0.991412	-0.261549	0.000000	0.000001
10.940000	-0.993829	-0.221843	-0.000000	0.000001
10.950000	-0.995849	-0.182048	-0.000000	0.000002
10.960000	-0.997470	-0.142180	-0.000000	0.000003
10.969999	-0.998692	-0.102256	0.000000	0.000000
10.979999	-0.999515	-0.062290	0.000000	0.000001
10.990000	-0.999938	-0.022300	0.000000	0.000002
11.000000	-0.999961	0.017700	0.000000	0.000003
11.010000	-0.999584	0.057692	0.000000	0.000004
11.020000	-0.998807	0.097661	0.000000	0.000001
11.030000	-0.997631	0.137591	0.000000	0.000002
11.040000	-0.996056	0.177466	0.000000	0.000003
11.050000	-0.994082	0.217270	0.000000	0.000004
11.059999	-0.991710	0.256987	0.000000	0.000001
11.070000	-0.988942	0.296602	0.000000	0.000002
11.080000	-0.985779	0.336097	0.000000	0.000003
11.090000	-0.982221	0.375459	0.000000	0.000004
11.099999	-0.978270	0.414670	0.000000	0.000001
11.110000	-0.973928	0.453715	0.000000	0.000002
11.120000	-0.969196	0.492579	0.000000	0.000003
11.130000	-0.964077	0.531246	0.000001	0.000003
11.139999	-0.958572	0.569700	0.000000	0.000001
11.150000	-0.952684	0.607926	0.000000	0.000001
11.160000	-0.946414	0.645910	0.000000	0.000002
11.170000	-0.939767	0.683634	0.000001	0.000003
11.179999	-0.932743	0.721086	0.000000	0.000001
11.190000	-0.925346	0.758249	0.000000	0.000001
11.200000	-0.917579	0.795109	0.000001	0.000002
11.210000	-0.909445	0.831650	0.000001	0.000003
11.219999	-0.900947	0.867859	0.000000	0.000000
11.229999	-0.892089	0.903721	0.000000	0.000001
11.240000	-0.882874	0.939222	0.000001	0.000002
11.250000	-0.873305	0.974346	0.000001	0.000003
11.259999	-0.863388	1.009081	0.000000	0.000000
11.270000	-0.853125	1.043413	0.000000	0.000001
11.280000	-0.842521	1.077327	0.000001	0.000001
11.290000	-0.831580	1.110810	0.000001	0.000002
11.300000	-0.820306	1.143849	0.000001	0.000003
11.309999	-0.808705	1.176430	0.000000	0.000001
11.320000	-0.796779	1.208541	0.000001	0.000001
11.330000	-0.784535	1.240168	0.000001	0.000002
11.340000	-0.771978	1.271300	0.000001	0.000003
11.349999	-0.759111	1.301923	0.000000	0.000000
11.360000	-0.745941	1.332025	0.000001	0.000001
11.370000	-0.732472	1.361594	0.000001	0.000002
11.380000	-0.718711	1.390618	0.000001	0.000002
11.389999	-0.704662	1.419087	0.000000	0.000000
11.400000	-0.690331	1.446988	0.000001	0.000001
11.410000	-0.675724	1.474310	0.000001	0.000001
11.420000	-0.660847	1.501042	0.000001	0.000002
11.429999	-0.645705	1.527174	0.000000	0.000000
11.440000	-0.630305	1.552695	0.000001	0.000001
11.450000	-0.614653	1.577595	0.000001	0.000001
11.460000	-0.598756	1.601864	0.000001	0.000002
11.469999	-0.582618	1.625492	0.000000	-0.000000
11.479999	-0.566248	1.648470	0.000000	0.000000
11.490000	-0.549651	1.670789	0.000001	0.000001
11.500000	-0.532834	1.692439	0.000001	0.000001
11.509999	-0.515805	1.713413	0.000000	0.000000
11.520000	-0.498568	1.733701	0.000000	0.000000
11.530000	-0.481133	1.753296	0.000001	0.000001
11.540000	-0.463505	1.772189	0.000001	0.000001
11.550000	-0.445691	1.790373	0.000002	0.000002
11.559999	-0.427700	1.807842	0.000001	0.000000
11.570000	-0.409537	1.824587	0.000001	0.000001
11.580000	-0.391210	1.840603	0.000001	0.000001
11.590000	-0.372727	1.855882	0.000002	0.000001
11.599999	-0.354095	1.870419	0.000000	-0.000000
11.610000	-0.335322	1.884208	0.000001	0.000000
11.620000	-0.316414	1.897243	0.000001	0.000000
11.630000	-0.297379	1.909519	0.000002	0.000001
11.639999	-0.278226	1.921032	0.000000	-0.000000
11.650000	-0.258961	1.931776	0.000001	-0.000000
11.660000	-0.239593	1.941747	0.000001	0.000000
11.670000	-0.220129	1.950942	0.000002	0.000000
11.679999	-0.200577	1.959356	0.000000	-0.000000
11.690000	-0.180944	1.966987	0.000001	-0.000000
11.700000	-0.161240	1.973831	0.000001	-0.000000
11.710000	-0.141470	1.979885	0.000002	-0.000000
11.719999	-0.121644	1.985148	0.000000	-0.000000
11.729999	-0.101770	1.989616	0.000001	-0.000000
11.740000	-0.081855	1.993289	0.000001	-0.000000
11.750000	-0.061907	1.996164	0.000002	-0.000000
11.759999	-0.041934	1.998241	0.000000	-0.000000
11.770000	-0.021945	1.999519	0.000001	-0.000000
11.780000	-0.001946	1.999997	0.000001	-0.000000
11.790000	0.018053	1.999674	0.000002	-0.000000
11.800000	0.038044	1.998552	0.000002	-0.000000
11.809999	0.058021	1.996631	0.000001	-0.000000
11.820000	0.077974	1.993911	0.000001	-0.000000
11.830000	0.097896	1.990394	0.000001	-0.000001
11.840000	0.117780	1.986080	0.000002	-0.000001
11.849999	0.137615	1.980972	0.000000	-0.000000
11.860000	0.157396	1.975071	0.000001	-0.000001
11.870000	0.177114	1.968381	0.000001	-0.000001
11.880000	0.196761	1.960903	0.000002	-0.000001
11.889999	0.216330	1.952641	0.000000	-0.000001
11.900000	0.235812	1.943598	0.000001	-0.000001
11.910000	0.255199	1.933777	0.000001	-0.000001
11.920000	0.274484	1.923183	0.000002	-0.000001
11.929999	0.293660	1.911820	0.000000	-0.000001
11.940000	0.312718	1.899692	0.000001	-0.000001
11.950000	0.331651	1.886804	0.000001	-0.000001
11.960000	0.350452	1.873162	0.000001	-0.000001
11.969999	0.369112	1.858770	0.000000	-0.000000
11.979999	0.387625	1.843635	0.000000	-0.000001
11.990000	0.405982	1.827762	0.000001	-0.000001
12.000000	0.424178	1.811158	0.000001	-0.000002
12.009999	0.442203	1.793830	0.000000	-0.000000
12.020000	0.460052	1.775784	0.000000	-0.000001
12.030000	0.477717	1.757028	0.000001	-0.000001
12.040000	0.495190	1.737570	0.000001	-0.000002
12.050000	0.512466	1.717416	0.000002	-0.000002
12.059999	0.529536	1.696575	0.000000	-0.000001
12.070000	0.546395	1.675056	0.000001	-0.000001
12.080000	0.563035	1.652866	0.000001	-0.000002
12.090000	0.579450	1.630016	0.000002	-0.000002
12.099999	0.595633	1.606513	0.000000	-0.000001
12.110000	0.611578	1.582368	0.000001	-0.000001
12.120000	0.627278	1.557590	0.000001	-0.000002
12.130000	0.642728	1.532189	0.000001	-0.000002
12.139999	0.657920	1.506176	0.000000	-0.000001
12.150000	0.672849	1.479559	0.000000	-0.000001
12.160000	0.687509	1.452351	0.000001	-0.000002
12.170000	0.701894	1.424562	0.000001	-0.000002
12.179999	0.715999	1.396203	0.000000	-0.000001
12.190000	0.729817	1.367286	0.000000	-0.000001
12.200000	0.743343	1.337822	0.000001	-0.000002
12.210000	0.756571	1.307823	0.000001	-0.000002
12.219999	0.769497	1.277300	-0.000000	-0.000000
12.229999	0.782116	1.246267	0.000000	-0.000001
12.240000	0.794421	1.214735	0.000001	-0.000002
12.250000	0.806409	1.182718	0.000001	-0.000003
12.259999	0.818074	1.150227	-0.000000	-0.000000
12.270000	0.829412	1.117276	0.000000	-0.000001
12.280000	0.840418	1.083878	0.000000	-0.000002
12.290000	0.851088	1.050047	0.000001	-0.000003
12.300000	0.861417	1.015796	0.000001	-0.000003
12.309999	0.871402	0.981138	0.000000	-0.000001
12.320000	0.881039	0.946088	0.000000	-0.000002
12.330000	0.890323	0.910660	0.000000	-0.000003
12.340000	0.899251	0.874867	0.000001	-0.000004
12.349999	0.907819	0.838725	0.000000	-0.000001
12.360000	0.916024	0.802247	0.000000	-0.000002
12.370000	0.923863	0.765448	0.000000	-0.000003
12.380000	0.931332	0.728343	0.000001	-0.000003
12.389999	0.938429	0.690946	-0.000000	-0.000001
12.400000	0.945150	0.653273	0.000000	-0.000002
12.410000	0.951493	0.615339	0.000000	-0.000002
12.420000	0.957456	0.577159	0.000000	-0.000003
12.429999	0.963036	0.538748	0.000000	-0.000001
12.440000	0.968230	0.500121	0.000000	-0.000002
12.450000	0.973038	0.461295	0.000000	-0.000002
12.460000	0.977456	0.422283	0.000000	-0.000003
12.469999	0.981483	0.383103	-0.000000	-0.000000
12.479999	0.985117	0.343770	-0.000000	-0.000001
12.490000	0.988358	0.304299	0.000000	-0.000002
12.500000	0.991203	0.264707	0.000000	-0.000003
12.509999	0.993651	0.225008	-0.000000	-0.000000
12.520000	0.995703	0.185220	-0.000000	-0.000001
12.530000	0.997356	0.145357	-0.000000	-0.000002
12.540000	0.998610	0.105437	-0.000000	-0.000003
12.550000	0.999464	0.065474	-0.000000	-0.000004
12.559999	0.999919	0.025485	-0.000000	-0.000001
12.570000	0.999974	-0.014514	-0.000000	-0.000002
12.580000	0.999629	-0.054508	-0.000000	-0.000003
12.590000	0.998884	-0.094479	-0.000000	-0.000004
12.599999	0.997739	-0.134413	-0.000000	-0.000001
12.610000	0.996196	-0.174293	-0.000000	-0.000002
12.620000	0.994254	-0.214103	-0.000000	-0.000003
12.630000	0.991914	-0.253828	-0.000000	-0.000003
12.639999	0.989177	-0.293451	-0.000000	-0.000001
12.650000	0.986045	-0.332957	-0.000000	-0.000001
12.660000	0.982519	-0.372330	-0.000000	-0.000002
12.670000	0.978599	-0.411553	-0.000000	-0.000003
12.679999	0.974288	-0.450612	-0.000000	-0.000001
12.690000	0.969587	-0.489491	-0.000000	-0.000001
12.700000	0.964499	-0.528174	-0.000000	-0.000002
12.710000	0.959025	-0.566646	-0.000001	-0.000003
12.719999	0.953167	-0.604891	-0.000000	-0.000000
12.729999	0.946928	-0.642894	-0.000000	-0.000001
12.740000	0.940310	-0.680640	-0.000000	-0.000002
12.750000	0.933316	-0.718114	-0.000001	-0.000003
12.759999	0.925948	-0.755300	-0.000000	-0.000000
12.770000	0.918211	-0.792185	-0.000000	-0.000001
12.780000	0.910106	-0.828752	-0.000000	-0.000002
12.790000	0.901637	-0.864988	-0.000001	-0.000003
12.799999	0.892807	-0.900878	-0.000000	0.000000
12.809999	0.883620	-0.936408	-0.000000	-0.000001
12.820000	0.874080	-0.971563	-0.000000	-0.000002
12.830000	0.864190	-1.006330	-0.000001	-0.000002
12.840000	0.853955	-1.040694	-0.000001	-0.000003
12.849999	0.843378	-1.074642	-0.000000	-0.000001
12.860000	0.832464	-1.108160	-0.000001	-0.000001
12.870000	0.821216	-1.141235	-0.000001	-0.000002
12.880000	0.809640	-1.173853	-0.000001	-0.000003
12.889999	0.797741	-1.206001	-0.000000	-0.000000
12.900000	0.785522	-1.237668	-0.000000	-0.000001
12.910000	0.772989	-1.268839	-0.000001	-0.000002
12.920000	0.760147	-1.299503	-0.000001	-0.000003
12.929999	0.747001	-1.329647	-0.000000	-0.000000
12.940000	0.733556	-1.359259	-0.000001	-0.000001
12.950000	0.719817	-1.388327	-0.000001	-0.000002
12.960000	0.705791	-1.416840	-0.000001	-0.000002
12.969999	0.691482	-1.444787	-0.000000	-0.000000
12.979999	0.676897	-1.472155	-0.000000	-0.000001
12.990000	0.662041	-1.498935	-0.000001	-0.000002
13.000000	0.646921	-1.525115	-0.000001	-0.000002
13.009999	0.631541	-1.550685	-0.000000	-0.000000
13.020000	0.615909	-1.575635	-0.000001	-0.000001
13.030000	0.600030	-1.599954	-0.000001	-0.000001
13.040000	0.583912	-1.623634	-0.000001	-0.000002
13.049999	0.567560	-1.646664	-0.000000	-0.000000
13.059999	0.550981	-1.669036	-0.000001	-0.000001
13.070000	0.534181	-1.690740	-0.000001	-0.000001
13.080000	0.517168	-1.711767	-0.000001	-0.000002
13.090000	0.499948	-1.732110	-0.000002	-0.000002
13.099999	0.482529	-1.751761	-0.000000	-0.000000
13.110000	0.464916	-1.770710	-0.000001	-0.000001
13.120000	0.447117	-1.788951	-0.000001	-0.000001
13.130000	0.429139	-1.806477	-0.000002	-0.000002
13.139999	0.410990	-1.823280	-0.000000	-0.000000
13.150000	0.392676	-1.839354	-0.000001	-0.000001
13.160000	0.374205	-1.854692	-0.000001	-0.000001
13.170000	0.355584	-1.869288	-0.000002	-0.000001
13.179999	0.336822	-1.883137	-0.000000	-0.000000
13.190000	0.317924	-1.896232	-0.000001	-0.000000
13.200000	0.298900	-1.908569	-0.000001	-0.000001
13.210000	0.279755	-1.920143	-0.000002	-0.000001
13.219999	0.260499	-1.930948	-0.000000	-0.000000
13.229999	0.241139	-1.940981	-0.000001	-0.000000
13.240000	0.221682	-1.950238	-0.000001	-0.000001
13.250000	0.202137	-1.958715	-0.000002	-0.000001
13.259999	0.182511	-1.966408	-0.000000	-0.000000
13.270000	0.162811	-1.973314	-0.000001	-0.000000
13.280000	0.143047	-1.979432	-0.000001	-0.000000
13.290000	0.123225	-1.984757	-0.000002	-0.000000
13.299999	0.103354	-1.989289	-0.000000	-0.000000
13.309999	0.083442	-1.993025	-0.000001	-0.000000
13.320000	0.063497	-1.995964	-0.000001	-0.000000
13.330000	0.043525	-1.998105	-0.000001	-0.000000
13.340000	0.023537	-1.999446	-0.000002	-0.000000
13.349999	0.003539	-1.999987	-0.000000	0.000000
13.360000	-0.016460	-1.999729	-0.000001	0.000000
13.370000	-0.036453	-1.998671	-0.000001	0.000000
13.380000	-0.056431	-1.996813	-0.000002	0.000000
13.389999	-0.076386	-1.994156	-0.000000	-0.000000
13.400000	-0.096311	-1.990702	-0.000001	0.000000
13.410000	-0.116198	-1.986452	-0.000001	0.000000
13.420000	-0.136038	-1.981407	-0.000002	0.000000
13.429999	-0.155823	-1.975570	-0.000001	0.000000
13.440000	-0.175546	-1.968942	-0.000001	0.000000
13.450000	-0.195199	-1.961527	-0.000001	0.000000
13.460000	-0.214774	-1.953327	-0.000002	0.000001
13.469999	-0.234263	-1.944346	-0.000000	0.000000
13.479999	-0.253659	-1.934588	-0.000001	0.000000
13.490000	-0.272952	-1.924055	-0.000001	0.000001
13.500000	-0.292137	-1.912753	-0.000002	0.000001
13.509999	-0.311205	-1.900686	-0.000000	0.000000
13.520000	-0.330148	-1.887858	-0.000001	0.000001
13.530000	-0.348960	-1.874276	-0.000001	0.000001
13.540000	-0.367631	-1.859943	-0.000002	0.000001
13.549999	-0.386156	-1.844867	-0.000000	0.000000
13.559999	-0.404526	-1.829053	-0.000001	0.000001
13.570000	-0.422735	-1.812507	-0.000001	0.000001
13.580000	-0.440774	-1.795236	-0.000001	0.000001
13.590000	-0.458637	-1.777247	-0.000002	0.000002
13.599999	-0.476317	-1.758548	-0.000000	0.000001
13.610000	-0.493806	-1.739145	-0.000001	0.000001
13.620000	-0.511097	-1.719046	-0.000001	0.000002
13.630000	-0.528184	-1.698260	-0.000002	0.000002
13.639999	-0.545060	-1.676794	-0.000000	0.000001
13.650000	-0.561718	-1.654658	-0.000001	0.000001
13.660000	-0.578151	-1.631860	-0.000001	0.000001
13.670000	-0.594353	-1.608409	-0.000002	0.000002
13.679999	-0.610317	-1.584314	-0.000000	0.000001
13.690000	-0.626037	-1.559587	-0.000001	0.000001
13.700000	-0.641507	-1.534235	-0.000001	0.000002
13.710000	-0.656720	-1.508269	-0.000001	0.000002
13.719999	-0.671670	-1.481701	-0.000000	0.000000
13.729999	-0.686352	-1.454539	-0.000001	0.000001
13.740000	-0.700759	-1.426796	-0.000001	0.000002
13.750000	-0.714886	-1.398482	-0.000001	0.000002
13.759999	-0.728727	-1.369609	-0.000000	0.000000
13.770000	-0.742276	-1.340188	-0.000001	0.000001
13.780000	-0.755529	-1.310231	-0.000001	0.000002
13.790000	-0.768479	-1.279750	-0.000001	0.000003
13.799999	-0.781122	-1.248757	-0.000000	-0.000000
13.809999	-0.793452	-1.217264	-0.000000	0.000001
13.820000	-0.805466	-1.185285	-0.000001	0.000002
13.830000	-0.817157	-1.152831	-0.000001	0.000002
13.840000	-0.828521	-1.119917	-0.000001	0.000003
13.849999	-0.839553	-1.086554	-0.000000	0.000001
13.860000	-0.850250	-1.052757	-0.000001	0.000002
13.870000	-0.860607	-1.018538	-0.000001	0.000002
13.880000	-0.870620	-0.983913	-0.000001	0.000003
13.889999	-0.880284	-0.948894	-0.000000	0.000001
13.900000	-0.889596	-0.913495	-0.000001	0.000001
13.910000	-0.898553	-0.877731	-0.000001	0.000002
13.920000	-0.907150	-0.841615	-0.000001	0.000003
13.929999	-0.915384	-0.805164	-0.000000	0.000001
13.940000	-0.923252	-0.768390	-0.000000	0.000002
13.950000	-0.930751	-0.731308	-0.000001	0.000002
13.960000	-0.937877	-0.693935	-0.000001	0.000003
13.969999	-0.944628	-0.656283	-0.000000	0.000000
13.979999	-0.951002	-0.618369	-0.000000	0.000001
13.990000	-0.956995	-0.580208	-0.000001	0.000002
14.000000	-0.962605	-0.541815	-0.000001	0.000003
14.009999	-0.967831	-0.503205	-0.000000	0.000001
14.020000	-0.972669	-0.464394	-0.000000	0.000001
14.030000	-0.977118	-0.425397	-0.000000	0.000002
14.040000	-0.981176	-0.386229	-0.000001	0.000003
14.049999	-0.984842	-0.346908	-0.000000	0.000000
14.059999	-0.988114	-0.307447	-0.000000	0.000001
14.070000	-0.990990	-0.267864	-0.000000	0.000002
14.080000	-0.993471	-0.228173	-0.000000	0.000003
14.090000	-0.995553	-0.188392	-0.000000	0.000004
14.099999	-0.997238	-0.148534	-0.000000	0.000001
14.110000	-0.998524	-0.108618	-0.000000	0.000002
14.120000	-0.999410	-0.068658	-0.000000	0.000003
14.130000	-0.999897	-0.028670	-0.000000	0.000004
14.139999	-0.999984	0.011329	-0.000000	0.000001
14.150000	-0.999670	0.051323	-0.000000	0.000002
14.160000	-0.998957	0.091297	-0.000000	0.000003
14.170000	-0.997845	0.131234	-0.000000	0.000004
14.179999	-0.996333	0.171119	-0.000000	0.000001
14.190000	-0.994422	0.210936	-0.000000	0.000002
14.200000	-0.992114	0.250668	-0.000000	0.000003
14.210000	-0.989410	0.290299	0.000000	0.000004
14.219999	-0.986309	0.329815	-0.000000	0.000001
14.229999	-0.982814	0.369199	-0.000000	0.000002
14.240000	-0.978925	0.408435	0.000000	0.000003
14.250000	-0.974645	0.447508	0.000000	0.000004
14.259999	-0.969976	0.486401	-0.000000	0.000001
14.270000	-0.964918	0.525101	-0.000000	0.000002
14.280000	-0.959474	0.563590	0.000000	0.000002
14.290000	-0.953647	0.601853	0.000000	0.000004
14.299999	-0.947438	0.639876	-0.000000	0.000001
14.309999	-0.940850	0.677643	0.000000	0.000002
14.320000	-0.933886	0.715139	0.000000	0.000002
14.330000	-0.926548	0.752349	0.000000	0.000003
14.340000	-0.918840	0.789258	0.000001	0.000004
14.349999	-0.910764	0.825852	-0.000000	0.000001
14.360000	-0.902324	0.862115	0.000000	0.000002
14.370000	-0.893523	0.898033	0.000000	0.000003
14.380000	-0.884365	0.933592	0.000001	0.000004
14.389999	-0.874853	0.968777	-0.000000	0.000001
14.400000	-0.864990	1.003575	0.000000	0.000002
14.410000	-0.854782	1.037972	0.000000	0.000003
14.420000	-0.844232	1.071953	0.000001	0.000004
14.429999	-0.833345	1.105506	0.000000	0.000001
14.440000	-0.822124	1.138616	0.000000	0.000002
14.450000	-0.810574	1.171271	0.000001	0.000003
14.460000	-0.798700	1.203458	0.000001	0.000003
14.469999	-0.786506	1.235163	-0.000000	0.000001
14.479999	-0.773998	1.266374	0.000000	0.000002
14.490000	-0.761181	1.297079	0.000001	0.000003
14.500000	-0.748058	1.327265	0.000001	0.000003
14.509999	-0.734637	1.356920	0.000000	0.000001
14.520000	-0.720922	1.386032	0.000000	0.000002
14.530000	-0.706918	1.414589	0.000001	0.000002
14.540000	-0.692632	1.442581	0.000001	0.000003
14.549999	-0.678069	1.469996	-0.000000	0.000001
14.559999	-0.663234	1.496823	0.000000	0.000002
14.570000	-0.648134	1.523051	0.000001	0.000002
14.580000	-0.632775	1.548670	0.000001	0.000003
14.589999	-0.617163	1.573670	-0.000000	0.000001
14.599999	-0.601304	1.598040	0.000000	0.000001
14.610000	-0.585204	1.621771	0.000001	0.000002
14.620000	-0.568871	1.644853	0.000001	0.000002
14.630000	-0.552309	1.667278	0.000002	0.000003
14.639999	-0.535527	1.689035	0.000000	0.000001
14.650000	-0.518531	1.710117	0.000001	0.000002
14.660000	-0.501327	1.730515	0.000001	0.000002
14.670000	-0.483923	1.750221	0.000002	0.000003
14.679999	-0.466325	1.769226	0.000000	0.000001
14.690000	-0.448541	1.787524	0.000001	0.000002
14.700000	-0.430577	1.805107	0.000001	0.000002
14.710000	-0.412441	1.821968	0.000002	0.000002
14.719999	-0.394140	1.838100	0.000000	0.000001
14.729999	-0.375681	1.853497	0.000001	0.000001
14.740000	-0.357073	1.868153	0.000001	0.000002
14.750000	-0.338321	1.882061	0.000002	0.000002
14.759999	-0.319434	1.895216	0.000000	0.000001
14.770000	-0.300419	1.907614	0.000001	0.000001
14.780000	-0.281284	1.919248	0.000001	0.000001
14.790000	-0.262037	1.930115	0.000002	0.000002
14.799999	-0.242684	1.940210	0.000000	0.000001
14.809999	-0.223235	1.949529	0.000001	0.000001
14.820000	-0.203696	1.958068	0.000001	0.000001
14.830000	-0.184076	1.965823	0.000002	0.000001
14.839999	-0.164383	1.972793	0.000000	0.000001
14.849999	-0.144623	1.978973	0.000001	0.000001
14.860000	-0.124806	1.984362	0.000001	0.000001
14.870000	-0.104939	1.988957	0.000002	0.000001
14.880000	-0.085029	1.992756	0.000002	0.000001
14.889999	-0.065086	1.995759	0.000001	0.000001
14.900000	-0.045117	1.997963	0.000001	0.000001
14.910000	-0.025129	1.999368	0.000002	0.000001
14.920000	-0.005132	1.999973	0.000002	0.000001
14.929999	0.014867	1.999779	0.000001	0.000000
14.940000	0.034861	1.998784	0.000001	0.000000
14.950000	0.054840	1.996990	0.000002	0.000000
14.960000	0.074798	1.994397	0.000002	0.000000
14.969999	0.094726	1.991006	0.000001	0.000000
14.979999	0.114615	1.986820	0.000001	0.000000
14.990000	0.134459	1.981838	0.000002	-0.000000
